channel-share-scheme,cellular-mobil-commun
paper,present,channel-share-scheme,neighbor-cell-channel,share-neighbor-cell,channel-share-base,region-partit,cell-coverag,wireless-cellular-network
cell-divid,innercel-region-outercel,region
cochannel-interfer-suppress,limit,usag,share-channel-innercel,region
channel-share-scheme,achiev,trafficadapt-channel-assign,requir-channel,lock
perform-analysi,show,neighbor-cell-channel,share-scheme-lead,lower-call-block,probabl-channel,util,compar,previous-propos,channel-assign-scheme
introduct,major,design,object,wireless-cellular-commun,system,high,network-capac,flexibl,take-account,timevari,teletraff,load,radio-link-qualiti
limit,radio,frequenc,spectrum,requir,cellular-system,effici,method,handl,increas,servic,demand,adapt,system,resourc,teletraff,refer-traffic,cell
current,cellular-system,convent,radio-channel-manag,fix-channel-assign,fix-channel-assign,set-nomin-channel,perman,alloc,cell,set-nomin-channel,exclus,traffic-load-estim,cochannel,adjac-channel-interfer,constraint
due,mobil-user,traffic,inform,difficult,accur,predict,case
result,fix-channel-assign,scheme,frequenc,effici,sens,channel-assign-adapt,dynam,chang,distribut,mobil-termin-coverag,area
order-overcom-defici,fix-channel-assign,trafficadapt-channel-assign,scheme,propos,dynam-channel-assign,dca-hybrid-channel,assign-hybrid-channel,assign
central,dca-scheme-channel,group,pool,manag,central,control
call-connect-request,base-station-control,channel
call,complet,channel-return,channel,pool
distribut,dca-scheme-channel,select,local,base-station-cell,call-initi,select,autonom,base,station
channel,elig,cell-provid,signal,interfer-constraint,satisfi
channel,channel-pool,assign-call,requir,strategi,appli,select,assign,channel
dca-scheme-adapt,channel-assign-dynam,traffic-load-dca,scheme,significantli-increas,network,complex,due,cochannel-cell-lock,channel-manag,callbycal,base,assign
order,cochannel-interfer-adjac,channel-interfer-threshold,cell-requir,minimum,channel-reus-distanc,cell-borrow-channel,central,pool,channel
dca,requir,fast,realtim,signal,process,channel,databas,updat
compromis,radio,spectrum,effici,channel-manag,complex,hybrid-channel-assign,combin,fix-channel-assign,dca
hybrid-channel-assign,channel,divid-group,fix-channel-assign,group,dca,group,optim,ratio
shown,dca-hybrid-channel,assign-achiev,util,radio-channel-resourc,fix-channel-assign,light-traffic-load,situat-due,fact,scheme-adapt-traffic,load,dynam
scheme-adapt-traffic,load-dynam,perform,satisfactorili,fix-channel-assign,heavi,traffic-load-situat,due-channel,lock
approach,adapt-channel-assign,channel-borrow-channel,resourc,divid,borrow,nonborrow,channel,group
nonborrow,group,assign,cell,fix-channel-assign
fix-channel-occupi,cell-borrow-channel,neighbor-cell-light,traffic,load
recent,channel-borrow-scheme,call,channel-borrow-lock,cbwl,propos-channel-base,station-divid,distinct,group
channel-group,reserv,exclus,cell
group,borrow,adjac-cell-group,adjac,cell
borrow-channel-limit,power,level
borrow-channel-direct,limit-power,limit
channel-lock-cochannel,cell
paper,propos-channel-share,scheme-base-channel,share-pool-strategi
channel-share-scheme,base-channel-share,pool-strategi,adapt-traffic-dynam,higher,network-capac,achiev
method,partit-cell-coverag,region,elimin,cochannel-interfer-due,dynam-channel-share,method,channel,lock
addit,borrow-channel-portion,total-channel,share-adjac-cell,channel-share-manag,simpl,compar-dca-hybrid,channel,assign
compar-cbwl-borrow,scheme,advantag,newli,propos-scheme,relax,constraint-direct-borrow,result,higher,degre,traffic-adapt-lower,call-block-probabl
paper,organ
section,studi,cochannel-interfer-issu,calcul,cochannel-interfer-spatial,margin,cell-region-partit,propos,neighbor-cell-channel,share-neighbor-cell,channel-share-scheme,traffic-adapt-channel,assign
adjac-channel-interfer,neighbor-cell-channel,share-neighbor-cell,channel-share-scheme,traffic-adapt-channel,assign,discuss
section,call-block-probabl,neighbor-cell-channel,share-scheme-deriv
numer-analysi,result,present,section,demonstr,perform-improv-neighbor,cell-channel-share,previous-propos,scheme-includ,fix-channel-assign,hybrid-channel-assign,cbwl
conclus,work,section
neighbor-cell-channel,share-neighbor-cell,channel-share-scheme,cochannel-interfer-cellular,network,employ,distanc,separ,suppress,cochannel,interfer
fig
show,frequenc-reus,strategi-cellular,system,frequenc-reus,factor,equal,shadow,cell-cochannel-cell,cell,frequenc,channel
assum,receiv,carriertointerfer,ratio,cir,mobil,station
cell-caus,base-station-cochannel,cell,averag,cir,base-station-cell,caus,mobil-station,cochannel,cell
cir,calcul,radiu,cell,distant,interest,cell-cir,ith,cochannel-cell-fl,propag,pathloss-slope,determin,actual,terrain,environ,fl,assum,cellular,radio,system
fulli,equip,hexagon,cellular-system,cochannel-cell-tier
shown,interfer,caus,cochannel-cell-tier,higherord,tier,neglig,compar,caus,tier,cochannel,cell
result,cochannel-interfer-cell,tier,equat,constant
order,achiev,probabl,least,user,achiev,satisfactori,radio-link-qualiti,voic,servic,requir,cir,higher,correspond
channel-cell-lent,channel-cell-neighbor,cell-cochannel-interfer,cochannel-cell-tier,increas
channel-cell-lent,cell,distanc,cochannel,cell
shortest
channel-borrow-cell,cell,reduc,cir,channel-cell-db,db,unchang
similar,degrad-radio-link,qualiti,cell-cir,reduc,db
decreas,cir,due,decreas,valu
cell-region-partit,discuss,conclud,reduct,due-channel,borrow,degrad-radio-link,qualiti-channel-borrow,result,decreas,valu
unchang,channel-borrow-reduc,reduc,implement,reduc,transmiss,power
reduc,borrow-channel-insid,circl,call,innercel-region-center,base-station-radiu,equal,cochannel,cell
word,cell-divid,region-innercel-region,rest,call-outercel-region
cell-borrow-channel,cell,order,ensur
cir,greater,correspondingli,channel-base-station,divid-group,consist-nomin-channel,exclus-cell,innercel-outercel-region,consist,rest,share-channel-innercel,region-cell-share,channel-neighbor-cell
cell,pool-share-channel,share-channel-innercel,region
pool-share-channel,innercel-region-consist,share-channel-cell,neighbor,cell
propos-channel-share,scheme,assum,base-station-work,condit,omnidirect,antenna,transceiv,carrier,frequenc,cochannel-interfer-adjac,channel-interfer-consid,kind,nois,interfer,neglect,neighbor-cell-commun
loss-gener,fig
show,flowchart,channel-assign-twocel,network,ch,stand,channel
neighbor-cell-channel,share-channel-resourc,cell-consist,nomin-channel-serv,user,cell,convent,fix-channel-assign,share-channel-serv,user-innercel-region
call-connect-request,nomin-channel-assign,call,connect
case,nomin-channel-cell,occupi-mobil-innercel,region-channel,pool-share-channel,innercel-region-mobilei,outercel-region-mobil,innercel-region-nomin,channel,event,channel-swap,occur,innercel-mobil,switch,channel-share-pool,mobil,origin,nomin-channel-call,outercel,region
purpos,channel-swap,make,room,call,system-channel,resourc,fulli,deploy
note,channel-share-pool,channel-swap,carri,neighbor-cell-channel,borrow
call-block-nomin,channel-occupi,channel-swap,mobil,outercel-region-nomin,channel-share-channel,pool,occupi-mobil-innercel,region
connect-user,move-outercel-region,innercel-region-transmitt,mobil-termin-base,station,reduc,transmit-power,automat,mobil-termin-closer,base,station
innercel-mobil,termin,share-channel-move,outercel-region-power,control,occur,intracel-handoff,share-channel-outercel,region
nomin-channel-intracel,handoff,link,forc,drop
implement,neighbor-cell-channel,share,borrow-channel-onoff,regist-channel-share,pool-borrow-channel
borrow,channelborrow,neighbor-cell-borrow,channel-regist-turn,share,pool
cell-borrow-channel,cell-channel-regist,turn-share-pool,cell-cell-cell,cell-cell-cell
borrow-channel-return,borrow-channel-regist,turn,back,pool
aspect-account,potenti,borrow-conflict,adjac-cell-borrow,borrow-channel-cell,time
violat,channel-reus-distanc,limit
prevent,borrow-conflict,select-borrow,algorithm,introduc,borrow,order,borrow,richest
cell,select-borrow,achiev,higher,capac,expens,higher,complex
simpl,approach,direct-borrow,restrict
fig
cell-borrow-channel,cell-requir,cell-borrow-channel,cell-cell-cell,borrow-channel-cell
neighbor-cell-cochannel,cell,allow,borrow-borrow-channel
order,word,borrow-restrict,limit,cell,affect,borrow-cell-cell
borrow-restrict,implement,turn,regist-channel-share,pool-cell-cell,cell
mention,cbwl-scheme-direct,lend,avoid,borrow-conflict,cell-borrow-sixth,borrow-channel-neighbor,cell
result,neighbor-cell-channel,share-scheme-cell,larger-channel-share,pool,cbwl-scheme-condit,channel-resourc-arrang
expect,neighbor-cell-channel,share-scheme-adapt,channel-assign-traffic,dynam,larger,extent,compar-cbwl-scheme,lead-lower-call,block,probabl
adjac-channel-interfer,adjac-channel-interfer,result,splatter,modul,rf,signal
mobil,network-user,distanc-mobil-termin,network-user,base-station-time
moment,mobil-termin-close,base,station
receiv-base-station,adjac-channel-interfer,problem,signal,desir-channel,adjac-channel-interfer,adjac-channel-receiv,power,level
bandpass-filter,receiv-base-station,provid,adequ,reject,interfer-adjac-channel
problem,aris,user,commun,base-station-significantli,transmit-power,level,adjac,channel
signal,adjac-channel-stronger,desir-channel,degre,desir-signal,domin,signal,carri,adjac,channel
situat,refer,nearfar,effect,wireless,mobil-commun-system
larger,differ,nearfar,distanc,wors,adjac-channel-interfer,radio,link
sever,adjac-channel-interfer,occur,differ,receiv-power-level,exce,base-station-receiv,band,reject,ratio
channel-separ-requir,primarili,determin,distanc,ratio,pathloss-slope,fl,receiv,filter,characterist
requir-channel,separ,term,channel,bandwidth,fl,db,falloff,slope,passband,receiv,bandpass-filter,distanc-base-station,mobil-termin-desir,channel,distanc-base-station,mobil-termin-adjac,channel
order-overcom-adjac,channel-interfer-fix,channel-assign-achiev,channel-separ-channel,interleav,suffici,channel-guard-band,channel-assign-base,station
call-connect-user,randomli,choos,channel,strongest,signal,channel,violat,adjac-channel-interfer,constraint
channel-borrow-cell,traffic,congest,cell-borrow-channel,cell-neighbor-cell
borrow-channel-locat,channel-guard-band,introduc,excess,interfer,desir-signal,differ,larg
aspect-account,channel-borrow-cochannel,interfer-issu-channel,borrow,allow,adjac-channel-interfer,issu,borrow-channel-provid,satisfactori-link-qualiti
neighbor-cell-channel,share-neighbor-cell,channel-share-shown,dynam,power-control,extra,channel-separ-requir,channel-assign-base,station-order,overcom-adjac-channel,interfer
user-innercel-region,requir,eqival,radiu,minim,distanc-mobil-termin,base,station
condit-channel,space,need,share-channel-innercel,region
cell,radiu,adjac-channel-interfer,affect,channel-interleav,target,radio-link-qualiti,channel-borrow-neighbor,cell-channel-share,oper,long
compar-channel-assign,scheme-neighbor-cell,channel-share-scheme,offer,advantag-neighbor-cell,channel-share-scheme,ensur,satisfactori-link-qualiti,take-account,cochannel-interfer-adjac,channel-interfer-nomin,channel-borrow-channel,achiev,direct-retri,neighbor-cell-channel,share-scheme-enhanc,scheme-neighbor-cell,channel-share-scheme,global,inform,manag-channel-assign,requir,dca-scheme-result,simplic,implement,base-station-requir,oper,base-station-nomin,channel-borrow-channel,base-station-share,pool,smaller,set,compar-dca-scheme,channel-lock-lead,util,channel-resourc-simpler,manag-channel-assign,compar-dca-hybrid,channel,assign
perform-analysi,perform-analysi,neighbor-cell-channel,share-scheme-network,oper,block-call-clear,block-call-clear,basi,mean,call-block-call,leav,system
assumpt,number,user,larger,number,channel-assign-base,station-call-arriv,independ,channel-occup-base,station
handoff,call,view,call
basic,model,gener,request,radio-channel-mobil,user,model,poisson,arriv,process
occup,radio-channel-base,station,convent,consid,birth,death,process,state,number,total-channel,assign-base-station
call-arriv,enter,system,arriv,rate,leav-system,departur,rate
defin,traffic-densiti-traffic,densiti,deriv,probabl-channel,occup,state,equat,probabl,radio-channel-resourc,congest,call-block-probabl,fundament,measur,mobil-cellular-network,perform
equat,refer
call-block-probabl,channel-share-order,formul,call-block-probabl,neighbor-cell-channel,share-scheme-channel,share-adjac-cell,loss,gener
base-station-equip,number-nomin-channel,borrow,channel
uniform,topolog,scenario,shown,fig
cell-traffic-densiti,innercel-region-traffic,densiti,outercel-region-sg,channel-occup-innercel,ng,channel-occup-outercel
assum,independ,random,variabl
cell-channel-occup,innercel-region-outer,cell-region-call,block,probabl
pb,pb,denot,block-probabl-cell,innercel-outercel-region
due-channel,share,block-probabl-cell,depend,channel-occup-neighbor,cell-cell-state,cell-channel-occup,cell-channel-occup,equip,channel
case-cell,underflow,unus,borrow,channel
probabl-cell,underflow,cell-channel-occup,cell-channel-occup,assign,channel
case-cell,overflow,sg,borrow-channel-cell
probabl-cell,overflow,verifi,state-block-probabl,outercel-region-cell,repres,outer-cell,simplic,call-block-probabl,innercel-region-cell,repres,innercel,condit,cell-channel-occup,situat,outercel
unus,channel,nomin-channel-cell,innercel-user,innercel,user
assumpt,channel-occup-outer,cell-cell-independ,state-block-probabl,outer-cell,block-probabl-cell,equat,comput,condit,probabl-equat,obtain
equat,block-probabl-innercel,outercel-region-cell,calcul,theorem,total,probabl,effect,user-mobil,take,user-mobil,consider,number,mobil-termin-cell,moment,random,variabl
twocel-network-traffic,load-dynam,distribut,cell
twocel-network-design,cell,fair,share,resourc,depend,twocel-network-traffic,load,long,term
traffic-load-cell,random,process
total-traffic,densiti-cell,traffic-densiti-twocel,network
number,subscrib,traffic,network,constant
ff,random-variabl,refer-traffic,load-distributor,traffic-load-cell,cell
cell-cell-ident,fig
traffic-load-distributor
relat,consid,block-probabl-equat,refer,interior,distributor,insid,cell-random,variabl,coverag,innercel,coverag,distributor,block-probabl-equat,denot,delta,delta,denot,measur,function
assum,mobil-termin-uniformli,distribut,coverag-area,cell,size,ae,number,termin-cell,cell-region-binomi,distribut,obtain,joint,probabl-distribut-function,ff-ae,distributor,ff,ae
result-block-probabl,relat,traffic-densiti-design,paramet,pb,outer,pb,realiti,cellular-network-servic,oper,achiev,servic,fair,channel-resourc-alloc,base-station-order,obtain,call-block-probabl,cell,servic,area
system,design,pb,result-block-probabl,term-traffic,densiti,channel-resourc-ff,ff,probabl-distribut-function,ff
analysi,twocel-network-extend,multiplecel,network,shown-fig-cell,consider,neighbor-cell-equival,model,composit,neighbor,cell
numer,result,discuss,numer-analysi,section,provid,perform,comparison,neighbor-cell-channel,share-channel-assign,scheme
assumpt-made,analysi,base-station-equip,number-nomin-channel,borrow-call,initi,equal,cell-independ,call
analysi,bound-block-probabl,assumpt-made,take-account,borrow-conflict,channel-share-pool,cell-consist,borrow-channel-cell,cell-neighbor-cell,traffic-load-cell,statist
assumpt,total-traffic,load,twocel-network-traffic,load-distributor,cell-consider,binomi,distribut
fig
show,call-block-probabl,fix-channel-assign,hybrid-channel-assign,neighbor-cell-channel,share,scheme
inth,fix-channel-assign,base-station-nomin,channel,hybrid-channel-assign,base-station-fix,channel-assign-channel,dca-channel,neighbor-cell-channel,share,fig
figur,traffic-densiti-cell
perform-fix-channel,assign-scheme-calcul,base-equat,perform,neighbor-cell-channel,share-scheme-base,equat
observ,low,traffic-load-hybrid,channel-assign-lower,block,rate,fix-channel-assign,traffic-load-increas,advantag,hybrid-channel-assign,fix-channel-assign,disappear
fact,hybrid-channel-assign,higher,block-probabl-due,dca-channel,lock-neighbor-cell,channel-share-scheme,outperform,hybrid-channel-assign,scheme-neighbor-cell,channel-share-scheme,adapt-traffic-dynam,channel-lock-neighbor,cell-channel-share,scheme-perform,fix-channel-assign,scheme,improv,reduc,traffic-load-increas
larg,cell,tend,congest,state,probabl,share-channel-borrow,greatli,reduc
fig
show,block-probabl-fix,channel-assign-cbwl,channel,rearrang,neighbor-cell-channel,share,scheme
cbwl-scheme-base,station-channel,call-arriv,borrow,channel
cbwl-scheme-call,borrow,channel
observ,cbwl-scheme-lower,block-probabl-cbwl,scheme,due-fact,cbwl,limit,direct-lend,result,channel-share-pool,borrow-channel-compar,cbwl,scheme
call-block-probabl,cbwl-scheme-depend,traffic-load-dynam,difficult,gener
extrem,case,lead-lower-upper,bound-call-block,probabl-cbwl-scheme,channel-share-neighbor,cell
situat-cell,traffic,hot-spot,cell-neighbor-cell,idl,channel,refer,local,burst,situat
heavili-traffic-load,cell-borrow-share,channel,heavili-traffic-load,cell-neighbor-cell,result,lower-bound,block-probabl-cell
situat-cell,heavili,load,channel-share-refer,global-busi-situat
channel-resourc-cell,properli,divid,nomin-channel-group,share-channel-group,global-busi-situat,result,upper-bound-call,block-probabl-neighbor,cell-channel-share,scheme-call-block,probabl-fix-channel,assign,scheme
fig
show,lower-upper-bound,call-block-probabl,cbwl-scheme-channel,share,multipl,cell
base-station-nomin,share,channel
base-station-observ,lower-bound,decreas,significantli-increas,due,increas,number,share-channel-share,pool
traffic-densiti-increas,perform-improv-neighbor,cell-channel-share,fix-channel-assign,upper-bound-significantli,reduc
share-channel-neighbor,cell-channel-resourc,cell-provid,servic,incom,call,hot,spot
conclus,paper,develop,neighbor-cell-channel,share-neighbor-cell,channel-share-scheme,wireless-cellular-network
cochannel-interfer-adjac,interfer-issu-channel,share,discuss
shown,neighbor-cell-channel,share-scheme-achiev,lower-call-block,probabl,traffic-load-traffic,dynam,compar-channel-assign,scheme
perform-improv-obtain,expens,addit,intracel,handoff
neighbor-cell-channel,share-neighbor-cell,channel-share-scheme,offer,traffic,handl,capac
advantag-neighbor-cell,channel-share-scheme,includ,channel-lock-larger,channel-share-pool,due,strict,constraint-direct-borrow,lead,simpler,channel-resourc-manag,lower-call-block,probabl
acknowledg,author,itrc,inform,technolog,research,center,center,excel,support,technolog,ontario,research,grant,support,work
handov,channel-assign-mobil,cellular-network-perform,analysi,cellular-mobil-commun,system,dynam-channel-assign,distribut,dynam-channel-alloc,algorithm,adjac-channel-constraint,perform,issu,algorithm,dynam-channel-assign,hybrid-channel-assign,scheme,largescal,cellularstructur,mobil-commun-system,cellular-mobil-telephon,system,load-share,enhanc,direct-retri,load-share,sector,cell,cellular-system,cbwl-channel,assign-share,method,cellular-commun-system,mobil-cellular-telecommun,system
channel-assign-share,wireless-cellular-network,frequenc-channel,assign,algorithm,high,capac,mobil-commun-system,comparison,channel-assign-strategi,cellular-mobil-telephon,system,queue,system
tr,mobil-cellular-telecommun,system,ctr,jean,qj
chak,weihua,zhuang,capac,analysi,connect,admiss,control,indoormultimedia,cdma,wireless,commun,wireless,person,commun,intern,journal,march
