concept	queue-switch	1
concept	input-queue-schedul	1
concept	review	2
concept	theta	1
concept	extend	2
concept	poli-cie	1
concept	feasibl	2
concept	track-polici-suggest	1
concept	tion	2
concept	multiinput	2
concept	problem-schedul-multiperiod	2
concept	track-polici-port	2
concept	schedul	2
concept	track-polici-prove	1
concept	port	2
concept	employ	2
concept	switch-open	1
concept	section	4
concept	basic	2
concept	deriv	1
concept	servic	1
concept	packet-polici-extend	2
concept	track-poli-cie	2
concept	applic	2
concept	track-fluid-polici	2
concept	design	1
concept	base-concept	1
concept	high-speed	1
concept	complet	1
concept	casesth	2
concept	guarante-servic	1
concept	tdma-satellit-switch	1
concept	critic	2
concept	design-track	2
concept	valid	2
concept	simpl	2
concept	heurist-track-polici	1
concept	elabor	4
concept	measur	2
concept	critic-link-employ	1
concept	essenti	1
concept	issu	1
concept	paper	1
concept	input-queue-switch	4
concept	confirm	2
concept	exist-track-polici	2
concept	broad	1
concept	polici	1
concept	track-polici-illustr	1
concept	condit	2
concept	main	3
concept	illustr-simul-result	2
concept	track-critic-node	2
concept	introduct	1
concept	integr-servic-network	1
concept	simul-result	2
concept	approach-design-track	1
concept	fluid-polici-input	1
concept	multiperiod-messag-exist	1
concept	track-polici-implement	2
concept	effici	1
concept	explain	2
concept	question	2
concept	reli	2
concept	base	1
concept	base-track	2
concept	link	2
concept	notion-port-track	1
concept	special-case-pose	1
concept	rang	1
concept	perform	1
concept	multioutput	2
concept	problem	1
concept	switch-heurist-algorithm	1
concept	special-case-theta	1
concept	provid	6
concept	intend	1
concept	singl-link-case	1
concept	consid	1
concept	network	1
concept	gener-case-theta	1
concept	switch	4
concept	messag-tdma-satellit	2
concept	heurist-algorithm-basic	2
concept	notion	2
concept	show	3
concept	speedup	1
concept	fluid	2
concept	import	2
concept	requir	1
concept	organ	1
port-schedul	deadlin	2
port-schedul	futur	2
port-schedul	critic-link-miss	2
port-schedul	complex	1
port-schedul	link-increas	1
port-schedul	remov	1
port-schedul	link-critic-port	3
port-schedul	tradeoff	1
port-schedul	critic	1
port-schedul	begin	1
port-schedul	miss-deadlin	2
port-schedul	gamma-time-slot	1
port-schedul	fact	1
port-schedul	time-slot-order	2
port-schedul	involv	1
port-schedul	detect-critic	2
port-schedul	inspect-horizon	1
port-schedul	algorithm	1
port-schedul	suppos	1
port-schedul	critic-port	2
port-schedul	help	1
port-schedul	increas	1
illustr	weight-node-critic	1
illustr	packet	1
illustr	section-schedul-tdma	2
illustr	result	2
illustr	result-match	2
illustr	matrix	1
illustr	match-algorithm	1
illustr	theta	1
illustr	gener-case-theta	1
illustr	assumpt	1
illustr	satellit-switch-provid	1
illustr	satellit-switch-simul	2
illustr	switch	2
illustr	primari-result	1
illustr	schedul	1
illustr	schedul-time-slot	2
illustr	pass	1
illustr	algorithm	2
illustr	reason	1
illustr	section	1
illustr	basic	1
illustr	link-set	1
illustr	slot	1
illustr	fluid-polici-time	1
illustr	departur-order-backlog	1
illustr	fluid	1
illustr	heurist	1
illustr	simul-result	1
illustr	independ-futur-arriv	1
fluid-polici-model	port	1
fluid-polici-model	port-capac	1
fluid-polici-model	output-port-connect	2
fluid-polici-model	packet-polici-input	1
fluid-polici-model	servic-packet	1
fluid-polici-model	input-output-port	1
fluid-polici-model	time-unit	1
fluid-polici-model	time-slot-input	2
fluid-polici-model	size	1
fluid-polici-model	paper	1
fluid-polici-model	input-queue-switch	1
fluid-polici-model	output-input-port	2
fluid-polici-model	total-servic-rate	2
fluid-polici-model	port-exceed	2
fluid-polici-model	time	1
fluid-polici-model	equal	1
fluid-polici-model	capac	1
fluid-polici-model	slot	1
fluid-polici-model	packet-consid	1
modifi-matrix	begin-slot	1
modifi-matrix	subpermut-matrix-note	1
modifi-matrix	eventu	1
modifi-matrix	column-row	3
modifi-matrix	matrix	2
modifi-matrix	case	2
modifi-matrix	examin	1
modifi-matrix	continu	1
modifi-matrix	hold	2
modifi-matrix	column	2
modifi-matrix	argument	2
modifi-matrix	noninteg-redefin	2
modifi-matrix	rest	1
modifi-matrix	note	2
modifi-matrix	fashion	1
modifi-matrix	updat	1
modifi-matrix	element	1
modifi-matrix	noninteg	2
modifi-matrix	uneighbor	1
modifi-matrix	show-hold	2
modifi-matrix	polici-obtain-nonanticip	1
modifi-matrix	modifi	2
modifi-matrix	order	2
modifi-matrix	creat	1
modifi-matrix	appli	2
packet-depart	packet	2
packet-depart	criterion	1
packet-depart	deadlin	1
packet-depart	futur	1
packet-depart	futur-arriv	1
packet-depart	fluid-polici-depend	1
packet-depart	case	2
packet-depart	fluid-polici-packet	2
packet-depart	track-polici-deadlin	2
packet-depart	fluid	2
packet-depart	definit-definit	2
packet-depart	purpos	2
packet-depart	implicitli	2
packet-depart	switch-fluid-polici	2
packet-depart	end-time-slot	4
packet-depart	equal	2
packet-depart	detect	1
packet-depart	question	1
packet-depart	precis	2
packet-depart	advanc	2
packet-depart	fluid-polici-basic	1
packet-depart	polici-track-packet	2
packet-depart	nonanticip	1
packet-depart	rate-link	1
packet-depart	track-pol-ici	1
packet-depart	critic-port	1
packet-depart	track-polici-exist	1
packet-depart	packet-polici-latest	2
packet-depart	depart	2
packet-depart	polici	2
theta-input-queue	track-fluid-polici	2
theta-input-queue	condit	1
theta-input-queue	switch-provid	2
theta-input-queue	total-amount	1
theta-input-queue	fluid-polici-input	1
theta-input-queue	algorithm	2
theta-input-queue	section	2
theta-input-queue	end-slot	1
theta-input-queue	port-output-port	1
theta-input-queue	design-packet-polici	2
theta-input-queue	traffic-transfer	1
packet-miss	time-schedul-packet	1
packet-miss	miss-packet	2
packet-miss	allow	2
packet-miss	deadlin	1
packet-miss	toler	1
packet-miss	packet-deadlin	1
packet-miss	return	1
packet-miss	fact	2
packet-miss	packet	1
packet-miss	excess	1
packet-miss	applic	2
packet-miss	arbit	1
packet-miss	neglect	2
packet-miss	delay	1
packet-miss	impos	1
integ	complet-transmiss-slot	2
integ	proceed	2
integ	port-exceed	1
integ	packet	1
integ	track-fluid-polici	1
integ	call	2
integ	problem-find-sequenc	2
integ	transmiss	1
integ	matrix-schedul	1
integ	hencex	1
integ	polici-feasibl	1
integ	relat	2
integ	notic	3
integ	matrix	2
integ	case	2
integ	solut	1
integ	stricter	2
integ	provid	1
integ	hold	2
integ	transmiss-packet	1
integ	fluid	3
integ	latest-end	2
integ	subpermut-matric	2
integ	neighbor	2
integ	output-port-fluid	2
integ	serv-fcf-polici	2
integ	transmiss-input-port	2
integ	switch	1
integ	note	1
integ	packet-complet-transmiss	2
integ	packet-arriv	2
integ	begin	1
integ	valu	2
integ	address	2
integ	transmiss-slot-packet	2
integ	packet-transmit	2
integ	fluid-polici-fluid	1
integ	fourth	2
integ	found	1
integ	realiz	1
integ	packet-slot	1
integ	part	2
integ	version	2
integ	slot-packet-polici	2
integ	number-packet-complet	3
integ	leftmost	2
integ	uneighbor	1
integ	packet-polici-serv	1
integ	transmiss-input-output	3
integ	solut-problem	1
integ	fact-packet	4
integ	necessarili	2
integ	pol-ici	2
integ	sincebffc	2
integ	port-serv-fcf	2
integ	port-packet-polici	2
integ	impli-packet-complet	2
integ	polici-least	2
integ	packet-polici-subpermut	1
integ	inequ	3
integ	definit	2
integ	polici	2
integ	relat-correct	2
integ	problem	2
integ	end-slot	4
integ	polici-impli-packet	2
base-notion	optimum	1
base-notion	track-fluid-polici	1
base-notion	elig	2
base-notion	urgent-schedul	1
base-notion	vertex-weight	1
base-notion	critic-link-critic	1
base-notion	problem	2
base-notion	base	1
base-notion	step	1
base-notion	critic	1
base-notion	match	1
base-notion	set-link	2
base-notion	link	2
base-notion	match-algorithm	1
base-notion	arbit	1
base-notion	track-polici-loos	1
base-notion	schedul	1
base-notion	track	2
base-notion	select	2
fluid-polici-work	pair	1
fluid-polici-work	consist	1
fluid-polici-work	distinct	1
fluid-polici-work	flow	2
fluid-polici-work	inputoutput	1
fluid-polici-work	individu	2
fluid-polici-work	provid	2
fluid-polici-work	rate	2
fluid-polici-work	reflect	1
fluid-polici-work	granular	2
fluid-polici-work	aggreg-traffic	1
fluid-polici-work	session	1
fluid-polici-work	gener	2
fluid-polici-work	perflow	2
fluid-polici-work	packet-track-polici	1
fluid-polici-work	guarante-servic	2
fluid-polici-work	node	1
vertex-maximum	perform	2
vertex-maximum	modifi	2
vertex-maximum	set-elig-link	2
vertex-maximum	match	1
vertex-maximum	vertex	1
vertex-maximum	weight-node-urgent	2
vertex-maximum	biter	2
vertex-maximum	base	1
vertex-maximum	provid	2
vertex-maximum	initi	2
vertex-maximum	intermedi	1
vertex-maximum	enhanc	2
vertex-maximum	basic	1
vertex-maximum	schedul-algorithm-base	2
vertex-maximum	solut	1
vertex-maximum	stage	1
vertex-maximum	schedul	2
vertex-maximum	consid	1
vertex-maximum	match-select	2
depend	work	1
depend	input-output-schedul	1
depend	port	1
depend	maintain	1
depend	number	2
depend	schedul-messag	1
depend	complex	2
depend	input-output-edf	1
depend	rate-messag	1
depend	larg	2
depend	model-messag	1
depend	import	2
depend	messag	2
depend	arbit	2
depend	schedul	1
depend	aggreg	1
inform-input-port	unit	2
inform-input-port	packet	1
inform-input-port	schedul-algorithm-propos	2
inform-input-port	transfer-input-port	1
inform-input-port	permit	1
inform-input-port	tran	2
inform-input-port	work	1
inform-input-port	output-queue-switch	1
inform-input-port	complic	2
inform-input-port	switch	2
inform-input-port	equal	1
inform-input-port	speed	2
inform-input-port	shown	1
inform-input-port	unit-packet	1
inform-input-port	suffici	1
inform-input-port	class	1
inform-input-port	time-unit	1
inform-input-port	real	2
inform-input-port	packet-consid	1
inform-input-port	output	1
inform-input-port	resembl	1
inform-input-port	fact	1
inform-input-port	measur	2
inform-input-port	fairli	2
inform-input-port	arbit	2
inform-input-port	satisfi	1
inform-input-port	pattern	1
inform-input-port	consid-fluid	1
inform-input-port	number	2
inform-input-port	servic-packet	1
inform-input-port	input-output-port	1
inform-input-port	size	1
inform-input-port	packet-polici-time	1
inform-input-port	paper	1
inform-input-port	output-port-queue	1
inform-input-port	input-queue-switch	1
inform-input-port	requir	2
inform-input-port	receiv	2
inform-input-port	inequ	1
inform-input-port	broad	1
inform-input-port	slot-fluid-polici	1
inform-input-port	polici	2
graph	fluid-polici-track	2
graph	distinct	1
graph	optim-match-graph	2
graph	call	1
graph	criteria	3
graph	weight-link	2
graph	structur	1
graph	optim	2
graph	argument	1
graph	mention	1
graph	mean	2
graph	posit-weight	1
graph	vice	1
graph	weight	2
graph	equival	1
graph	hard	1
graph	equal	1
graph	special	1
graph	node	2
graph	versa	1
graph	path	1
graph	track-polici-base	2
graph	base-track	2
graph	weight-vertex	1
graph	consist	2
graph	show	1
graph	method	2
graph	link	4
graph	node-node	1
graph	implement-packet	2
graph	algorithm-deriv	1
graph	weight-match-bipartit	2
graph	maximum-degre-vertex	1
graph	input-output-port	1
graph	differ	2
graph	union	1
graph	loop	1
graph	track	1
graph	assign	1
fluid-polici-exist	packet	1
fluid-polici-exist	special-case-theta	1
fluid-polici-exist	exist	1
fluid-polici-exist	packet-polici-fact	1
fluid-polici-exist	input-port-output	2
fluid-polici-exist	consid	1
fluid-polici-exist	prove	1
fluid-polici-exist	feasibl	2
fluid-polici-exist	theta-switch-feasibl	2
fluid-polici-exist	proof	1
fluid-polici-exist	construct	1
fluid-polici-exist	switch	1
fluid-polici-exist	prove-special-case	2
fluid-polici-exist	port	2
fluid-polici-exist	packet-polici-track	2
fluid-polici-exist	section	1
fluid-polici-exist	show	2
fluid-polici-exist	basic	1
fluid-polici-exist	deriv	1
fluid-polici-exist	perflow-track	1
fluid-polici-exist	circumst	1
fluid-polici-exist	theta-switch-basic	1
fluid-polici-exist	studi	1
fluid-polici-exist	perlink-track-polici	1
fluid-polici-exist	provid-algorithm	1
fluid-polici-exist	polici	2
fluid-polici-exist	aggreg-traffic	2
fluid-polici-exist	track	1
intermedi	vertex	2
intermedi	belong	2
intermedi	weight-node-urgent	1
intermedi	member	2
intermedi	complex	1
intermedi	provid	1
intermedi	initi	1
intermedi	enhanc	1
intermedi	case	1
intermedi	schedul-algorithm-base	1
intermedi	solut	2
intermedi	match-algorithm	1
intermedi	altern	2
intermedi	assumpt	1
intermedi	replac	1
intermedi	consid	2
intermedi	node-path	2
intermedi	set-link	1
intermedi	schedul	1
intermedi	problem-maximum	1
intermedi	match-select	1
intermedi	path	1
intermedi	set-elig-link	1
intermedi	match	4
intermedi	includ	1
intermedi	link-weight-match	1
intermedi	base	2
intermedi	poor	1
intermedi	node	2
intermedi	vertic	1
intermedi	modifi	1
intermedi	number	1
intermedi	perform	2
intermedi	biter	1
intermedi	maximum-match-algorithm	1
intermedi	contradict-optim	1
intermedi	algorithm	1
send	equal-node	1
send	packet-time-slot	2
send	process	1
send	critic-link-schedul	1
send	switch	1
send	number-packet-time	1
send	step	1
send	critic	1
send	least	2
send	link	2
send	stage	1
send	divid	1
granular	pair	1
granular	consist	1
granular	distinct	1
granular	flow	2
granular	inputoutput	1
granular	individu	2
granular	provid	2
granular	rate	2
granular	reflect	1
granular	aggreg-traffic	1
granular	session	1
granular	gener	2
granular	perflow	2
granular	packet-track-polici	1
granular	guarante-servic	2
granular	node	1
matrix	packet	5
matrix	rest	2
matrix	polici-least	1
matrix	case	5
matrix	track-polici-gener	1
matrix	assumpt	1
matrix	subpermut-matric	4
matrix	distinguish	2
matrix	induct	1
matrix	sincex	1
matrix	number-packet-transmit	1
matrix	impli	2
matrix	sider	2
matrix	valu	2
matrix	address	2
matrix	rate	4
matrix	miss-deadlin	1
matrix	fashion	2
matrix	assum	4
matrix	fluid-polici-time	2
matrix	section	1
matrix	perform-analysi	1
matrix	fluid-polici-finish	2
matrix	version	2
matrix	basic	1
matrix	gener	3
matrix	satisfi	1
matrix	modifi	1
matrix	singl-column-gammax	1
matrix	imposs	1
matrix	appli	3
matrix	inequ	2
matrix	proceed	2
matrix	singl-packet	1
matrix	call	2
matrix	problem-find-sequenc	1
matrix	eventu	2
matrix	indic	2
matrix	examin	2
matrix	theta	2
matrix	hold	2
matrix	singl-column-row	3
matrix	remain	3
matrix	proof	1
matrix	construct	2
matrix	noninteg-redefin	1
matrix	process	2
matrix	subpermut-matrix-case	1
matrix	arriv-process	2
matrix	packet-consid	1
matrix	loss	1
matrix	updat	2
matrix	traffic	6
matrix	fluid-polici-arriv	2
matrix	contradict	1
matrix	packet-polici-end	1
matrix	circumst	1
matrix	permut	2
matrix	tize	2
matrix	allow	2
matrix	order	1
matrix	polici-fluid-pack	2
matrix	paper	1
matrix	schedul-polici-design	1
matrix	port-port	1
matrix	polici	4
matrix	track	1
matrix	independ-futur-arriv	1
matrix	time-slot-packet	2
matrix	begin-slot	4
matrix	condit	2
matrix	track-fluid-polici	1
matrix	column-row	3
matrix	continu	2
matrix	column	5
matrix	prove	2
matrix	neighbor	2
matrix	belong	2
matrix	transmiss-input-port	2
matrix	procedur	2
matrix	time-slot-clear	2
matrix	arriv	2
matrix	advanc	2
matrix	reason	1
matrix	base	2
matrix	element	2
matrix	track-polici-select	1
matrix	higher-prioriti	2
matrix	back	2
matrix	link	2
matrix	uneighbor	3
matrix	schedul	3
matrix	show-hold	1
matrix	perfectli	1
matrix	directli	2
matrix	matrix-subpermut-matrix	2
matrix	time-slot-note	2
matrix	nonanticip	2
matrix	schedul-time-slot	2
matrix	problem	2
matrix	creat	4
matrix	packet-higher-prioriti	2
matrix	conveni	1
matrix	algorithm	3
matrix	solut	1
matrix	provid	1
matrix	time	2
matrix	stricter	2
matrix	function	2
matrix	argument	1
matrix	network	2
matrix	gener-case-theta	1
matrix	switch	1
matrix	note	3
matrix	take	2
matrix	time-slot-assum	1
matrix	found	2
matrix	fact	1
matrix	show	3
matrix	schedul-matrix	2
matrix	noninteg	2
matrix	definit	2
matrix	slot	5
matrix	output-port-function	2
matrix	departur-order-backlog	1
matrix	fluid	3
matrix	subpermut-matrix-set	2
rightmost	port-exceed	1
rightmost	realiz	1
rightmost	switch	1
rightmost	note	1
rightmost	number-packet-complet	1
rightmost	packet-polici-serv	1
rightmost	notic	1
rightmost	packet-arriv	1
rightmost	ensur	2
rightmost	fluid	1
rightmost	inequ	2
rightmost	polici	1
rightmost	transmiss-input-output	1
rightmost	transmiss	1
time-packet	proceed	1
time-packet	packet	2
time-packet	deadlin	1
time-packet	transmiss	1
time-packet	instanc	2
time-packet	hold	1
time-packet	transmiss-packet	2
time-packet	time-stamp	2
time-packet	switch	2
time-packet	note	1
time-packet	fluid-polici-start	2
time-packet	packet-arriv	1
time-packet	begin	1
time-packet	arriv	2
time-packet	time-schedul-packet	1
time-packet	elig-time	1
time-packet	polici-track-finish	2
time-packet	fluid-polici-time	2
time-packet	fact-packet	2
time-packet	solv-problem	2
time-packet	packet-polici-note	1
time-packet	definit	1
satisfi-deadlin	theta	1
satisfi-deadlin	link	1
satisfi-deadlin	proof	1
satisfi-deadlin	result	1
satisfi-deadlin	claim	1
satisfi-deadlin	perflow-track	1
satisfi-deadlin	switch	1
satisfi-deadlin	similar	1
satisfi-deadlin	exist	1
satisfi-deadlin	perlink-track-polici	1
satisfi-deadlin	case	1
satisfi-deadlin	schedul-polici-edf	1
satisfi-deadlin	admiss	1
satisfi-deadlin	straightforward	1
satisfi-deadlin	schedul	1
satisfi-deadlin	edf-polici-singl	1
satisfi-deadlin	consid	1
satisfi-deadlin	prove	1
late	packet	2
late	percentag	2
late	case	1
late	experi	2
late	column	2
late	util	2
late	network	1
late	critic-node-inspect	1
late	number-packet-latenc	1
late	switch	2
late	inspect-horizon	1
late	shown	2
late	result-simul	1
late	node	1
late	rate	1
late	base	1
late	constant-rate	1
late	messagesar	1
late	tabl	1
late	averag	2
late	schedul	1
late	correspond	1
late	size	1
late	applic	1
late	select	1
frame-length	frame	2
frame-length	set-messag	2
frame-length	inukai-method	2
frame-length	period-messag	3
frame-length	messag-period-schedul	1
frame-length	base-assumpt	1
frame-length	packet-schedul	2
frame-length	equal	1
frame-length	method	1
frame-length	period	1
frame-length	messag	1
frame-length	lpm-unit-length	2
frame-length	appli	2
frame-length	schedul	1
frame-length	repeat	1
frame-length	origin	1
frame-length	packet-period	1
idealist	track-fluid-polici	1
idealist	effect-schedul-polici	2
idealist	time	1
idealist	packet-polici-resembl	1
idealist	capac	1
idealist	ramet	2
idealist	design-schedul-polici	2
idealist	assump	2
idealist	approach-design-packet	1
idealist	tion	2
idealist	instant	1
idealist	share	1
idealist	fluid-polici-assum	1
idealist	fluid-polici-deriv	1
idealist	enabl	2
idealist	fraction	1
idealist	arbitrari	1
idealist	link	1
idealist	network-resourc	2
idealist	situat	2
idealist	practic	2
idealist	find	1
idealist	perform	2
idealist	conveni	2
idealist	analyz	2
idealist	major	2
idealist	applic	1
idealist	sens	1
idealist	polici	1
search-end	mention	2
search-end	path	2
search-end	found	2
search-end	node-step	2
search-end	augment-path	2
search-end	free	2
search-end	node-smaller-weight	2
search-end	start	2
search-end	unsuccess	2
search-end	success	2
search-end	case	2
search-end	occur	2
search-end	node	2
search-end	search	3
search-end	vertex	2
search-end	select	2
search-end	detect	2
attempt-satisfi	deadlin	3
attempt-satisfi	singl-link-singl	1
attempt-satisfi	framework	1
attempt-satisfi	time	1
attempt-satisfi	approach	1
attempt-satisfi	altern	1
attempt-satisfi	earliest-deadlin	1
attempt-satisfi	toler	1
attempt-satisfi	switch	1
attempt-satisfi	natur	1
attempt-satisfi	polici-satisfi	1
attempt-satisfi	schedul	2
attempt-satisfi	arriv	1
attempt-satisfi	determin	1
attempt-satisfi	traffic	1
attempt-satisfi	link	1
attempt-satisfi	satisfi	1
attempt-satisfi	realtim	1
attempt-satisfi	directli	1
attempt-satisfi	wait	1
attempt-satisfi	maximum	1
attempt-satisfi	packet-deadlin	1
attempt-satisfi	satisfact	1
attempt-satisfi	depart	1
attempt-satisfi	requir	1
attempt-satisfi	packet-present	1
attempt-satisfi	view	1
worth	mention	2
worth	packet	1
worth	present	2
worth	valid	1
worth	end-time-slot	1
worth	singl-link-share	2
worth	case	2
worth	independ-futur-arriv	2
worth	theta	1
worth	crucial	2
worth	node	2
worth	departur-order-packet	2
worth	justifi	1
worth	assumpt	2
worth	miss-deadlin	1
maximum-weight	criterion	1
maximum-weight	maxim	1
maximum-weight	step	2
maximum-weight	vertex	2
maximum-weight	choic	1
maximum-weight	summat-criterion	1
maximum-weight	search-result-match	1
maximum-weight	candid	1
maximum-weight	summat	1
maximum-weight	weight	1
maximum-weight	schedul	1
maximum-weight	detect	1
maximum-weight	match	2
maximum-weight	track-polici-minim	2
maximum-weight	algorithmfind	2
maximum-weight	node	3
maximum-weight	vertic	1
maximum-weight	algorithm	1
maximum-weight	augment-path	1
maximum-weight	node-smaller-weight	1
maximum-weight	priorit-criterion	1
maximum-weight	select	2
ramet	track-fluid-polici	1
ramet	sens	1
ramet	time	1
ramet	packet-polici-resembl	1
ramet	capac	1
ramet	design-schedul-polici	2
ramet	assump	2
ramet	approach-design-packet	1
ramet	tion	2
ramet	instant	1
ramet	share	1
ramet	fluid-polici-assum	1
ramet	fluid-polici-deriv	1
ramet	enabl	2
ramet	fraction	1
ramet	arbitrari	1
ramet	link	1
ramet	network-resourc	2
ramet	situat	2
ramet	practic	2
ramet	find	1
ramet	perform	2
ramet	conveni	2
ramet	analyz	2
ramet	major	2
ramet	applic	1
ramet	effect-schedul-polici	2
ramet	polici	1
packet-period	inukai	1
packet-period	alloc	1
packet-period	set-messag	1
packet-period	frame	1
packet-period	inukai-method	2
packet-period	control	1
packet-period	period-messag	1
packet-period	problem	1
packet-period	packet-schedul	1
packet-period	packet-insid-frame	1
packet-period	method	1
packet-period	appli	1
packet-period	length	1
packet-period	place	1
packet-period	messag	2
packet-period	origin	2
packet-period	lpm-unit-length	2
latest-end	complet-transmiss-slot	2
latest-end	track-fluid-polici	1
latest-end	leftmost	2
latest-end	problem-find-sequenc	1
latest-end	number-packet-complet	2
latest-end	solut-problem	1
latest-end	port-serv-fcf	2
latest-end	polici-least	2
latest-end	matrix-schedul	1
latest-end	subpermut-matric	1
latest-end	output-port-fluid	2
latest-end	transmiss-input-port	2
latest-end	switch	1
latest-end	note	1
latest-end	packet-complet-transmiss	2
latest-end	packet-arriv	1
latest-end	found	1
latest-end	realiz	1
latest-end	packet-slot	1
latest-end	packet-polici-serv	1
latest-end	slot-packet-polici	2
latest-end	transmiss-input-output	2
latest-end	port-packet-polici	2
latest-end	fact-packet	2
latest-end	pol-ici	2
latest-end	notic	2
latest-end	fluid	2
latest-end	packet-polici-subpermut	1
latest-end	inequ	2
latest-end	end-slot	2
latest-end	polici-impli-packet	2
util	uniti	2
util	track-fluid-polici	2
util	packet	2
util	percent	2
util	easi	1
util	lost	2
util	provid	1
util	provid-schedul	2
util	aris	1
util	experi	3
util	input-port-output	2
util	constraint	1
util	simul	2
util	critic-node-inspect	1
util	switch	2
util	track-properti	1
util	period-messag	1
util	node	2
util	question	1
util	uniformli	1
util	port	2
util	greater	2
util	propos	1
util	base	1
util	fact	2
util	constant-rate	1
util	messagesar	2
util	gener-case-heurist	1
util	averag	2
util	algorithm-good-perfect	1
util	satisfi	1
util	inspect-horizon	1
util	rang	1
util	consid-fluid	1
util	messag	1
util	polici	1
util	condit-schedul	2
util	select	2
feasibl	condit	2
feasibl	packet	1
feasibl	deadlin	2
feasibl	input-queue-schedul	1
feasibl	provid	2
feasibl	review	2
feasibl	packet-polici-fact	1
feasibl	casesth	2
feasibl	schedul-polici-edf	1
feasibl	theta-switch-feasibl	2
feasibl	proof	1
feasibl	meet	2
feasibl	tion	2
feasibl	switch	3
feasibl	problem-schedul-multiperiod	2
feasibl	messag-tdma-satellit	2
feasibl	explain	2
feasibl	prove-special-case	2
feasibl	special-case-theta	1
feasibl	schedul	2
feasibl	deadlin-satisfi	1
feasibl	track	1
feasibl	section	3
feasibl	elabor	2
feasibl	show	1
feasibl	deriv	1
feasibl	special-case-pose	1
feasibl	essenti	1
feasibl	satisfi	1
feasibl	suppos	1
feasibl	problem	1
feasibl	packet-deadlin	1
feasibl	studi	1
feasibl	fluid	2
feasibl	paper	1
feasibl	sequenc	1
feasibl	track-poli-cie	2
feasibl	organ	1
feasibl	provid-algorithm	1
feasibl	polici	2
feasibl	construct	1
candid	vertic	2
candid	step	1
candid	match	1
candid	criterion	1
candid	attempt	1
candid	node	1
candid	track-polici-minim	1
candid	weight	2
candid	propos	2
candid	summat	2
candid	maxim	2
candid	optim	1
candid	left	1
candid	weight-node-match	1
candid	function	1
candid	schedul	2
candid	select	2
candid	summat-criterion	2
volum	inform	2
volum	comput	1
volum	exchang	2
volum	main	2
volum	algorithm	2
volum	processor	1
volum	link-weight-match	1
volum	switch	2
volum	high-speed	2
volum	provid	1
volum	card	2
volum	link	1
volum	concern	2
volum	signal	2
volum	stage	1
volum	arbit	2
volum	requir	2
volum	weight-node-elig	1
volum	weight-link	1
volum	node	1
volum	scalabl	2
earliest-deadlin	packet	1
earliest-deadlin	link	4
earliest-deadlin	deadlin	2
earliest-deadlin	investig	1
earliest-deadlin	singl-link-singl	2
earliest-deadlin	effect	2
earliest-deadlin	input-queu-switch	1
earliest-deadlin	achiev	2
earliest-deadlin	proof	1
earliest-deadlin	construct	1
earliest-deadlin	gener-case-theta	1
earliest-deadlin	minimum	1
earliest-deadlin	track-polici-show	1
earliest-deadlin	schedul	3
earliest-deadlin	schedul-packet-deadlin	2
earliest-deadlin	backlog-packet	1
earliest-deadlin	fact	1
earliest-deadlin	theta-switch-notion	2
earliest-deadlin	show	3
earliest-deadlin	natur-extens	2
earliest-deadlin	deriv	1
earliest-deadlin	gener	2
earliest-deadlin	compon	1
earliest-deadlin	satisfi	2
earliest-deadlin	sort	1
earliest-deadlin	slot	2
earliest-deadlin	servic-configur	1
earliest-deadlin	backlog	1
earliest-deadlin	solv-problem	2
earliest-deadlin	packet-deadlin	2
earliest-deadlin	polici-satisfi	2
earliest-deadlin	provid-algorithm	1
earliest-deadlin	deadlin-vector	1
implicitli	packet	2
implicitli	advanc	2
implicitli	criterion	1
implicitli	critic-port	1
implicitli	futur	1
implicitli	deadlin	1
implicitli	switch-fluid-polici	2
implicitli	end-time-slot	2
implicitli	equal	2
implicitli	nonanticip	1
implicitli	fluid-polici-depend	1
implicitli	case	2
implicitli	rate-link	1
implicitli	track-polici-deadlin	2
implicitli	futur-arriv	1
implicitli	detect	1
quantit	packet	1
quantit	applic-requir	2
quantit	main	1
quantit	provid	1
quantit	design	1
quantit	introduct	1
quantit	integr-servic-network	1
quantit	network	2
quantit	delay	1
quantit	perform	2
quantit	paramet	2
quantit	loss	1
quantit	measur	1
quantit	translat	2
quantit	rang	1
quantit	issu	1
quantit	servic	1
quantit	requir	1
quantit	applic	1
quantit	broad	1
quantit	common	1
quantit	probabl	1
port-total	work	1
port-total	algorithm	2
port-total	set-messag	2
port-total	maximum	1
port-total	schedul-messag	1
port-total	inukai	2
port-total	inputoutput	1
port-total	heurist-simul-algorithm	1
port-total	equal	1
port-total	number-packet-servic	2
port-total	appropri	1
port-total	period	1
port-total	messag	2
port-total	provid-schedul	2
port-total	port-period	1
port-total	schedul	2
induct	proceed	1
induct	subpermut-matric	2
induct	found	1
induct	assum	1
induct	traffic	1
induct	proof	2
induct	problem-find-sequenc	1
induct	construct	1
induct	base	1
induct	process	1
induct	provid	1
induct	polici-fluid-pack	1
induct	show	1
induct	solut-problem	1
induct	permut	1
induct	tize	1
induct	uneighbor	1
induct	matrix-subpermut-matrix	1
induct	begin-slot	1
induct	slot	1
bipartit-match-algorithm	perform	1
bipartit-match-algorithm	algorithm	2
bipartit-match-algorithm	match	1
bipartit-match-algorithm	extens	2
bipartit-match-algorithm	link-weight-match	1
bipartit-match-algorithm	complex	1
bipartit-match-algorithm	base	2
bipartit-match-algorithm	switch	2
bipartit-match-algorithm	poor	1
bipartit-match-algorithm	weight-match-maximum	2
bipartit-match-algorithm	problem-maximum	1
bipartit-match-algorithm	step	1
bipartit-match-algorithm	match-algorithm	1
bipartit-match-algorithm	maximum-match-algorithm	1
bipartit-match-algorithm	schedul	2
bipartit-match-algorithm	repeat	1
bipartit-match-algorithm	node	1
bipartit-match-algorithm	select	1
bipartit-match-algorithm	maximum-link	2
complic	complex	2
complic	schedul-algorithm-propos	2
complic	pattern	1
complic	perfect-track-polici	1
complic	justifi	2
complic	imposs	1
complic	output-queue-switch	1
complic	switch	2
complic	equal	1
complic	good-perfect-perform	2
complic	speed	2
complic	shown	2
complic	calculu-network-delay	1
complic	suffici	1
complic	time-unit	1
complic	packet-consid	1
complic	heurist-track-polici	2
complic	resembl	1
complic	fact	3
complic	fairli	2
complic	arbit	2
complic	fluid-polici-nonanticip	1
complic	issu	2
complic	output	1
complic	servic-packet	1
complic	input-output-port	1
complic	size	1
complic	paper	1
complic	input-queue-switch	1
complic	requir	2
complic	receiv	2
necessit	base-node-weight	1
necessit	approach	1
necessit	node	2
necessit	weight	1
necessit	greater	1
necessit	remov	2
necessit	consid	1
necessit	higher-prioriti	2
necessit	includ	2
necessit	match	2
necessit	node-priorit	1
necessit	absolut	1
necessit	essenti	1
necessit	node-greater-weight	1
necessit	schedul	1
necessit	exclud	2
packet-equal	suppos	1
packet-equal	object-schedul-packet	1
packet-equal	high	1
packet-equal	larg	2
packet-equal	suffer	1
packet-equal	delay	2
packet-equal	time-frame	1
packet-equal	period	1
packet-equal	assign	1
number-packet-transmit	condit	1
number-packet-transmit	packet	1
number-packet-transmit	singl-packet	2
number-packet-transmit	transmiss	1
number-packet-transmit	packet-polici-base	1
number-packet-transmit	singl-column-row	1
number-packet-transmit	assumpt	1
number-packet-transmit	network	1
number-packet-transmit	belong	1
number-packet-transmit	time-slot-input	1
number-packet-transmit	transmit	1
number-packet-transmit	impli	1
number-packet-transmit	port	1
number-packet-transmit	traffic	1
number-packet-transmit	slot-packet-transmiss	1
number-packet-transmit	slot	2
number-packet-transmit	directli	1
number-packet-transmit	allow	1
number-packet-transmit	time-slot-note	1
number-packet-transmit	output-port-packet	1
number-packet-transmit	appli	1
number-packet-transmit	port-port	2
number-packet-transmit	polici	1
multiinput	extend	2
multiinput	multioutput	2
multiinput	track-polici-suggest	1
multiinput	switch-open	1
multiinput	singl-link-case	1
multiinput	input-queue-switch	2
multiinput	exist-track-polici	1
multiinput	schedul	2
multiinput	question	1
problem-schedul-multiperiod	condit	2
problem-schedul-multiperiod	input-queue-schedul	2
problem-schedul-multiperiod	provid	2
problem-schedul-multiperiod	review	2
problem-schedul-multiperiod	casesth	2
problem-schedul-multiperiod	tion	2
problem-schedul-multiperiod	switch	3
problem-schedul-multiperiod	messag-tdma-satellit	3
problem-schedul-multiperiod	explain	2
problem-schedul-multiperiod	theta-switch-track	1
problem-schedul-multiperiod	section	2
problem-schedul-multiperiod	elabor	2
problem-schedul-multiperiod	show	2
problem-schedul-multiperiod	special-case-pose	2
problem-schedul-multiperiod	essenti	2
problem-schedul-multiperiod	find	1
problem-schedul-multiperiod	algorithm	1
problem-schedul-multiperiod	polici-exist	1
problem-schedul-multiperiod	problem	2
problem-schedul-multiperiod	section-show	1
problem-schedul-multiperiod	fluid	2
problem-schedul-multiperiod	paper	1
problem-schedul-multiperiod	track-poli-cie	2
problem-schedul-multiperiod	organ	1
problem-schedul-multiperiod	polici	1
problem-schedul-multiperiod	track	1
problem-schedul-multiperiod	provid-nonanticip	1
larg	input-output-schedul	1
larg	complex	2
larg	time-frame	1
larg	work	1
larg	object-schedul-packet	1
larg	high	1
larg	messag	2
larg	schedul	1
larg	period	1
larg	delay	2
larg	aggreg	1
larg	port	1
larg	schedul-messag	1
larg	model-messag	1
larg	arbit	2
larg	maintain	1
larg	number	2
larg	suppos	1
larg	input-output-edf	1
larg	rate-messag	1
larg	import	2
larg	suffer	1
larg	assign	1
cioq	memori	1
cioq	line-rate	1
cioq	pattern	1
cioq	line	1
cioq	sequenc	2
cioq	switch-size	1
cioq	altern	1
cioq	moder	1
cioq	work	1
cioq	output-queue-switch	2
cioq	switch	2
cioq	accept	1
cioq	speed	2
cioq	shown	1
cioq	suffici	2
cioq	input-queue-attract	1
cioq	match	2
cioq	size-switch	1
cioq	resembl	1
cioq	fact	1
cioq	pure	2
cioq	output	2
cioq	combin	2
cioq	limit	2
cioq	problem	2
cioq	capac	1
cioq	increas	1
cioq	circumv	2
cioq	input-output-queue	2
cioq	bandwidth	1
packet-arriv	time-slot-packet	1
packet-arriv	complet-transmiss-slot	1
packet-arriv	packet	2
packet-arriv	port-serv-fcf	1
packet-arriv	transmiss	1
packet-arriv	polici-feasibl	1
packet-arriv	notic	1
packet-arriv	polici-least	1
packet-arriv	schedul-period	1
packet-arriv	time	3
packet-arriv	hold	2
packet-arriv	transmiss-packet	2
packet-arriv	fluid	1
packet-arriv	start	1
packet-arriv	output-port-fluid	1
packet-arriv	serv-fcf-polici	1
packet-arriv	transmiss-input-port	1
packet-arriv	switch	2
packet-arriv	note	2
packet-arriv	end-time-slot	2
packet-arriv	equal	1
packet-arriv	take	2
packet-arriv	fluid-polici-start	1
packet-arriv	packet-complet-transmiss	1
packet-arriv	end-slot	2
packet-arriv	ensur	1
packet-arriv	begin	4
packet-arriv	transmiss-slot-packet	1
packet-arriv	impli-packet-complet	1
packet-arriv	fluid-polici-fluid	1
packet-arriv	packet-consid	1
packet-arriv	number-packet-complet	1
packet-arriv	realiz	2
packet-arriv	latenc-packet	1
packet-arriv	slot-number	1
packet-arriv	part	1
packet-arriv	polici-track-finish	1
packet-arriv	slot-packet-polici	1
packet-arriv	input-port-destin	1
packet-arriv	leftmost	1
packet-arriv	packet-polici-serv	2
packet-arriv	transmiss-input-output	1
packet-arriv	origin	1
packet-arriv	slot	2
packet-arriv	fluid-polici-time	1
packet-arriv	fact-packet	3
packet-arriv	necessarili	1
packet-arriv	solv-problem	1
packet-arriv	output-port-serv	1
packet-arriv	pol-ici	1
packet-arriv	packet-transmit	1
packet-arriv	port-packet-polici	1
packet-arriv	inequ	2
packet-arriv	packet-polici-note	1
packet-arriv	polici	1
packet-arriv	interv	3
packet-arriv	polici-impli-packet	1
impli	unit	2
impli	condit	2
impli	packet	3
impli	singl-packet	1
impli	time-unit	1
impli	transfer-input-port	2
impli	time-slot-note	2
impli	stricter	2
impli	time	2
impli	fluid-polici-packet	1
impli	singl-column-row	2
impli	recent	1
impli	input-port-assumpt	2
impli	packet-consid	1
impli	port-time	1
impli	total-amount	1
impli	belong	2
impli	switch	1
impli	equal	1
impli	prove	1
impli	port	1
impli	output-port-assum	1
impli	flow	1
impli	time-slot-length	1
impli	output	1
impli	notion	1
impli	perform-analysi	1
impli	network	2
impli	traffic-packet	2
impli	length	1
impli	traffic-transfer	1
impli	fluid	1
impli	definit	2
impli	slot	2
impli	allow	2
impli	directli	2
impli	conveni	1
impli	serv-packet	1
impli	traffic	2
impli	input-output-port	1
impli	capac	1
impli	paper	1
impli	track-polici-theta	1
impli	appli	2
impli	track-poli-cie	2
impli	schedul-polici-design	1
impli	exist	2
impli	port-port	1
impli	polici	3
impli	queue	2
smaller	configur	2
smaller	servic-configur	1
smaller	deadlin	1
smaller	lexicograph	2
smaller	compon	1
smaller	minimum	2
smaller	natur-extens	1
smaller	case	1
smaller	select	2
smaller	schedul-polici-edf	2
smaller	polici-time-slot	2
smaller	theta	1
smaller	definit	2
smaller	sort	1
smaller	vector	1
smaller	deadlin-vector	2
natur	approach	2
natur	directli	1
natur	wait	1
natur	maximum	1
natur	deadlin	2
natur	toler	1
natur	determin	1
natur	arriv	1
natur	traffic	1
natur	switch	1
natur	satisfact	2
natur	framework	2
natur	depart	1
natur	realtim	1
natur	requir	1
natur	time	1
natur	packet-present	1
natur	view	1
natur	altern	1
applic-track-polici	schedul-tdma-satellit	2
applic-track-polici	switch-tdma-satellit	2
applic-track-polici	inukai	1
applic-track-polici	base	1
applic-track-polici	switch	2
applic-track-polici	potenti	2
applic-track-polici	convent	1
applic-track-polici	method	1
applic-track-polici	schedul	1
applic-track-polici	multiperiod-tdma-satellit	2
sider	remain	2
sider	singl-column-row	1
sider	distinguish	2
sider	sincex	1
sider	fact	1
sider	note	1
sider	singl-column-gammax	1
sider	show	1
sider	case	2
sider	contradict	1
sider	inequ	1
sider	satisfi	1
sider	column	2
sider	prove	2
sign	criterion	1
sign	attempt	1
sign	call	1
sign	weight-link	2
sign	optim	1
sign	function	1
sign	reduc	2
sign	posit-weight	2
sign	weight	2
sign	weight-node-match	1
sign	schedul	2
sign	match	1
sign	weight-vertex	2
sign	show	2
sign	vertex-weight	2
sign	link	1
sign	bipartit-graph	1
sign	lessen	2
sign	input-output-port	1
sign	chanc	2
sign	left	1
sign	select	1
sign	total	2
sign	track	1
sign	assign	1
valu	proceed	2
valu	problem	2
valu	subpermut-matric	1
valu	neighbor	2
valu	correct	1
valu	problem-find-sequenc	1
valu	subcas	2
valu	distinguish	2
valu	provid	1
valu	differ	2
valu	version	2
valu	call	2
valu	conclud	2
valu	solut	1
valu	stricter	2
valu	definit	2
valu	address	2
valu	subcas-relat	1
valu	uneighbor	1
matrix-subpermut-matrix	begin-slot	2
matrix-subpermut-matrix	subpermut-matric	2
matrix-subpermut-matrix	found	2
matrix-subpermut-matrix	assum	2
matrix-subpermut-matrix	traffic	2
matrix-subpermut-matrix	proof	1
matrix-subpermut-matrix	construct	2
matrix-subpermut-matrix	base	2
matrix-subpermut-matrix	process	2
matrix-subpermut-matrix	note	1
matrix-subpermut-matrix	polici-fluid-pack	2
matrix-subpermut-matrix	show	2
matrix-subpermut-matrix	permut	2
matrix-subpermut-matrix	tize	2
matrix-subpermut-matrix	inequ	1
matrix-subpermut-matrix	hold	1
matrix-subpermut-matrix	slot	2
rate	packet	3
rate	case	2
rate	theta	2
rate	subpermut-matric	1
rate	output-queue-switch	1
rate	theta-switch-input	1
rate	schedul	4
rate	schedul-time-slot	2
rate	aggreg	1
rate	assum	2
rate	inputoutput	1
rate	fluid-polici-finish	2
rate	model-messag	1
rate	gener	6
rate	perflow	2
rate	arriv-process	2
rate	fluid-polici-time	1
rate	packet-output	1
rate	imposs	1
rate	polici-least	1
rate	applic	2
rate	track-fluid-polici	1
rate	distinct	1
rate	line	1
rate	switch-size	1
rate	indic	2
rate	guarante-servic	2
rate	scenario	1
rate	work	2
rate	result-simul	2
rate	schedul-work	1
rate	node	1
rate	loss	1
rate	traffic	3
rate	fluid-polici-arriv	2
rate	reflect	1
rate	packet-polici-end	1
rate	circumst	1
rate	order	1
rate	percentag	1
rate	polici	1
rate	time-slot-packet	2
rate	input-output-schedul	1
rate	investig	1
rate	column	1
rate	accommod	1
rate	simul	1
rate	number-packet-latenc	2
rate	switch-fabric	1
rate	transmiss-input-port	2
rate	individu	2
rate	shown	1
rate	track-polici-select	1
rate	arriv	2
rate	advanc	2
rate	packet-track-polici	1
rate	time-slot-clear	2
rate	higher-prioriti	2
rate	back	2
rate	link	2
rate	faster	1
rate	perfectli	1
rate	perform	1
rate	algorithm	1
rate	consist	1
rate	nonanticip	2
rate	messag	1
rate	packet-higher-prioriti	2
rate	miss-deadlin	1
rate	aggreg-traffic	1
rate	provid	2
rate	time	3
rate	function	2
rate	network	2
rate	tabl	2
rate	switch	2
rate	take	2
rate	concern	1
rate	time-slot-assum	1
rate	pair	1
rate	flow	2
rate	constant-rate	1
rate	schedul-matrix	2
rate	session	1
rate	slot	1
rate	output-port-function	2
rate	fluid	1
depart-time	packet	1
depart-time	futur	2
depart-time	futur-arriv	2
depart-time	singl-link-case	1
depart-time	time	2
depart-time	assumpt	1
depart-time	time-slot-deadlin	1
depart-time	note	2
depart-time	end-time-slot	1
depart-time	chang	1
depart-time	crucial	2
depart-time	base-assumpt	2
depart-time	arriv	2
depart-time	departur-order-packet	1
depart-time	correct	1
depart-time	assum	1
depart-time	schedul	2
depart-time	inform	2
depart-time	calcul	2
depart-time	depart	1
depart-time	depart-switch-fluid	1
depart-time	departur-order-obtain	1
depart-time	polici	1
depart-time	order-packet-departur	2
base-prioriti-summat	repres-optim-match	1
base-prioriti-summat	criterion	1
base-prioriti-summat	prioriti-criterion-optim	1
base-prioriti-summat	graph-base-summat	1
aggreg	work	2
aggreg	input-output-schedul	2
aggreg	number	1
aggreg	perform	1
aggreg	import	1
aggreg	investig	1
aggreg	rate-messag	1
aggreg	complex	1
aggreg	algorithm	1
aggreg	model-messag	2
aggreg	messag	2
aggreg	arbit	1
aggreg	gener	1
aggreg	switch-size	1
aggreg	simul	1
pass	weight-node-critic	2
pass	algorithm	2
pass	match	1
pass	section-schedul-tdma	1
pass	result	1
pass	result-match	1
pass	satellit-switch-simul	1
pass	match-algorithm	1
pass	schedul-time-slot	1
pass	link-set	2
papera	simul	2
papera	perform	2
papera	heurist-algorithm-show	2
papera	number	2
papera	investig	1
papera	good	2
papera	gener-case-theta	2
papera	studi	2
papera	provid	2
papera	input-queu-switch	2
port	assumpt	2
port	easi	1
port	equal	2
port	schedul	5
port	period	1
port	comput	1
port	inputoutput	1
port	section	2
port	nonanticip-polici-exist	2
port	traffic-packet	1
port	arbit	1
port	gener	2
port	satisfi	2
port	maximum	1
port	noncrit	2
port	input-output-edf	1
port	input-output-port	2
port	calcul	2
port	chanc	1
port	inequ	1
port	queue	1
port	uniti	2
port	port-exceed	1
port	base-concept	1
port	singl-packet	2
port	complex	1
port	port-switch	1
port	permit	1
port	aris	1
port	packet-polici-base	2
port	input-port-assumpt	1
port	work	1
port	process	1
port	critic	2
port	divid	1
port	constant	2
port	packet-consid	1
port	simpl	1
port	heurist-track-polici	1
port	elabor	2
port	slot-packet-transmiss	1
port	parallel	1
port	circumst	1
port	output	2
port	consid-fluid	1
port	maintain	1
port	critic-port	2
port	output-port-packet	1
port	paper	1
port	output-port-queue	1
port	input-queue-switch	1
port	total-servic-rate	1
port	port-port	1
port	polici	1
port	condit-schedul	2
port	gener-case-switch	1
port	unit	2
port	illustr-simul-result	1
port	investig	2
port	period-messag	1
port	greater	4
port	arbitr	1
port	stage	2
port	constraint	1
port	switch-input-output	2
port	prove	1
port	track-polici-implement	1
port	weight	4
port	provid-schedul	2
port	question	1
port	time-unit	2
port	packet-polici-track	2
port	schedul-messag	1
port	base-track	2
port	length	1
port	link	2
port	number	1
port	serv-packet	1
port	servic-packet	1
port	size	1
port	capac	2
port	interact	1
port	messag	1
port	perlink-track-polici	1
port	exist	2
port	aggreg-traffic	2
port	transmiss	1
port	provid	2
port	repeat	1
port	transfer-input-port	2
port	output-input-port	1
port	time	1
port	input-port-output	4
port	shown-track	1
port	consid	1
port	critic-link-increas	1
port	special-case-switch	1
port	switch	1
port	time-slot-input	3
port	transmit	2
port	found	2
port	show	2
port	number-packet-servic	1
port	perflow-track	1
port	slot	1
port	theta-switch-basic	1
port	output-port-connect	1
port	increas-weight-critic	2
port	import	1
port	basic	1
employ	poli-cie	1
employ	illustr-simul-result	1
employ	track-polici-implement	1
employ	main	2
employ	simpl	1
employ	port-track-critic	1
employ	base	1
employ	provid	1
employ	complet	1
employ	effici	1
employ	intend	1
employ	basic	2
employ	deriv	1
employ	heurist-track-polici	1
employ	notion-port-track	1
employ	design-track	2
employ	link	1
employ	polici	1
employ	track-polici-illustr	1
employ	approach-design-track	1
elig-time	time-schedul-packet	2
elig-time	fluid-polici-track	1
elig-time	insid	2
elig-time	deadlin	2
elig-time	suppos	1
elig-time	packet-packet	1
elig-time	time-stamp	3
elig-time	object-schedul-packet	2
elig-time	switch	1
elig-time	packet-schedul	1
elig-time	instanc	1
elig-time	induc	1
elig-time	polici-satisfi	1
elig-time	time-frame	2
elig-time	deadlin-packet	1
elig-time	arriv	1
elig-time	packet-polici-definit	1
elig-time	time	2
fluid-polici-basic	question	2
fluid-polici-basic	purpos	1
fluid-polici-basic	end-time-slot	1
fluid-polici-basic	answer	1
fluid-polici-basic	definit-definit	1
fluid-polici-basic	polici-track-packet	1
fluid-polici-basic	track-polici-exist	2
fluid-polici-basic	session	1
fluid-polici-basic	share	1
fluid-polici-basic	fluid	1
fluid-polici-basic	packet-polici-latest	1
fluid-polici-basic	depart	1
fluid-polici-basic	singl-link-case	1
fluid-polici-basic	posit	1
fluid-polici-basic	link	1
fluid-polici-basic	singl	1
fluid-polici-basic	fluid-polici-packet	1
fluid-polici-basic	polici	1
fluid-polici-basic	precis	1
time-slot-length	unit	1
time-slot-length	packet	1
time-slot-length	equal	1
time-slot-length	transfer-input-port	1
time-slot-length	output-port-assum	1
time-slot-length	traffic-packet	1
time-slot-length	length	1
time-slot-length	exist	1
time-slot-length	time	1
time-slot-length	input-port-assumpt	1
time-slot-length	slot	1
time-slot-length	queue	1
polici-track-packet	question	1
polici-track-packet	precis	2
polici-track-packet	track-polici-exist	1
polici-track-packet	track-pol-ici	1
polici-track-packet	end-time-slot	2
polici-track-packet	fluid	2
polici-track-packet	packet-polici-latest	2
polici-track-packet	depart	2
polici-track-packet	definit-definit	2
polici-track-packet	fluid-polici-packet	2
polici-track-packet	polici	2
polici-track-packet	purpos	2
track-polici-minim	vertic	1
track-polici-minim	criterion	1
track-polici-minim	node	2
track-polici-minim	summat	1
track-polici-minim	weight	1
track-polici-minim	maxim	1
track-polici-minim	priorit-criterion	1
track-polici-minim	step	2
track-polici-minim	choic	1
track-polici-minim	schedul	1
track-polici-minim	select	2
track-polici-minim	summat-criterion	1
inputoutput	distinct	2
inputoutput	period-messag	1
inputoutput	provid	1
inputoutput	repeat	1
inputoutput	aggreg-traffic	2
inputoutput	gener	1
inputoutput	guarante-servic	1
inputoutput	set-messag	1
inputoutput	individu	1
inputoutput	equal	2
inputoutput	provid-schedul	1
inputoutput	schedul	2
inputoutput	period	1
inputoutput	pair	2
inputoutput	flow	2
inputoutput	number-packet-servic	2
inputoutput	length	1
inputoutput	circumst	1
inputoutput	perflow	1
inputoutput	node	2
inputoutput	algorithm	1
inputoutput	consist	2
inputoutput	maximum	2
inputoutput	inukai	1
inputoutput	messag	1
inputoutput	port-period	1
inputoutput	session	2
resembl	pattern	2
resembl	sequenc	1
resembl	output-queue-switch	2
resembl	switch	2
resembl	speed	2
resembl	shown	2
resembl	suffici	2
resembl	match	1
resembl	fact	2
resembl	fairli	1
resembl	pure	1
resembl	arbit	1
resembl	output	2
resembl	combin	1
resembl	limit	1
resembl	problem	1
resembl	schedul-algorithm-propos	1
resembl	circumv	1
resembl	requir	1
resembl	receiv	1
resembl	input-output-queue	1
section	packet	3
section	input-queue-schedul	1
section	condit	3
section	review	2
section	theta	1
section	assumpt	2
section	deadlin	1
section	tion	2
section	prove-special-case	1
section	schedul	1
section	fluid-polici-track	1
section	basic	2
section	satisfi	1
section	packet-polici-definit	1
section	induc	1
section	fluid-polici-time	1
section	polici-exist	1
section	convert	1
section	studi	2
section	polici-satisfi	1
section	track-poli-cie	2
section	track-fluid-polici	2
section	design	2
section	base-concept	2
section	casesth	2
section	fluid-polici-packet	1
section	mention	2
section	design-packet-polici	2
section	packet-schedul	1
section	critic	2
section	simpl	2
section	heurist-track-polici	2
section	elabor	4
section	essenti	1
section	packet-deadlin	1
section	track-polici-previou	1
section	paper	1
section	polici	1
section	track-polici-illustr	1
section	independ-futur-arriv	2
section	extens-edf	1
section	illustr-simul-result	1
section	heurist-simul-algorithm	1
section	provid-packet-polici	1
section	obtain-track	2
section	procedur	1
section	fluid-polici-input	1
section	track-polici-implement	1
section	theta-switch-feasibl	1
section	idea	2
section	deadlin-schedul	2
section	explain	2
section	end-slot	1
section	address-problem	1
section	edf-polici-nonanticip	1
section	reason	2
section	base-track	2
section	link	2
section	port-output-port	1
section	special-case-pose	1
section	prespecifi	1
section	algorithm	3
section	problem	3
section	polici-convert	2
section	switch-provid	2
section	special-case-theta	2
section	provid	2
section	shown-track	1
section	problem-solv	2
section	total-amount	1
section	traffic-transfer	1
section	gener-case-theta	2
section	switch	7
section	messag-tdma-satellit	2
section	propos	1
section	show	1
section	slot	1
section	departur-order-backlog	2
section	fluid	3
section	organ	1
time-slot-order	gamma-time-slot	1
time-slot-order	suppos	1
time-slot-order	critic-port	2
time-slot-order	link-critic-port	2
time-slot-order	futur	2
time-slot-order	begin	1
time-slot-order	miss-deadlin	2
slot-number	start	2
slot-number	length-packet	1
slot-number	interv	1
slot-number	end-time-slot	1
slot-number	equal	1
slot-number	take	1
slot-number	length	1
slot-number	begin	1
slot-number	slot	2
slot-number	time	1
fluid-polici-finish	time-slot-packet	2
fluid-polici-finish	packet	2
fluid-polici-finish	time-slot-assum	1
fluid-polici-finish	loss	1
fluid-polici-finish	schedul-time-slot	2
fluid-polici-finish	fluid-polici-arriv	2
fluid-polici-finish	assum	2
fluid-polici-finish	subpermut-matric	1
fluid-polici-finish	take	2
fluid-polici-finish	polici-least	1
fluid-polici-finish	track-polici-select	1
fluid-polici-finish	link	2
fluid-polici-finish	packet-higher-prioriti	2
fluid-polici-finish	time-slot-clear	2
fluid-polici-finish	gener	1
fluid-polici-finish	higher-prioriti	2
fluid-polici-finish	polici	1
fluid-polici-finish	packet-polici-end	1
fluid-polici-finish	miss-deadlin	1
version	proceed	2
version	subpermut-matric	1
version	neighbor	2
version	problem-find-sequenc	1
version	problem	2
version	uneighbor	1
version	provid	1
version	call	2
version	solut	1
version	stricter	2
version	address	2
version	definit	2
schedul-algorithm-time	step	1
schedul-algorithm-time	heurist	1
schedul-algorithm-time	slot	1
method	alloc	1
method	link	2
method	call	1
method	period-messag	1
method	messag-period-schedul	1
method	fluid-polici-track	2
method	repeat	1
method	packet-insid-frame	1
method	posit-weight	1
method	control	1
method	weight	1
method	switch	1
method	potenti	1
method	equal	1
method	lpm-unit-length	1
method	schedul	3
method	multiperiod-tdma-satellit	1
method	period	2
method	track-polici-base	1
method	schedul-tdma-satellit	1
method	inukai-method	2
method	base-track	1
method	base	2
method	weight-vertex	1
method	weight-link	2
method	length	1
method	place	1
method	implement-packet	1
method	origin	1
method	weight-match-bipartit	1
method	switch-tdma-satellit	1
method	inukai	2
method	problem	1
method	base-assumpt	2
method	input-output-port	1
method	differ	2
method	convent	2
method	messag	2
method	track	1
method	assign	1
node-weight	criterion	2
node-weight	member	1
node-weight	remov	1
node-weight	optim	2
node-weight	vertex	2
node-weight	vice	1
node-weight	weight	2
node-weight	equal	2
node-weight	node	1
node-weight	versa	1
node-weight	noncrit	2
node-weight	link	1
node-weight	node-node	1
node-weight	node-greater-weight	2
node-weight	vertic	1
node-weight	noncrit-link	1
node-weight	number	1
node-weight	critic-node-elig	1
node-weight	exceed	2
node-weight	increas-weight-critic	2
node-weight	path-odd	1
node-weight	graph-base-prioriti	2
node-weight	contradict-optim	2
involv	quat	1
involv	link-increas	2
involv	found	1
involv	deadlin	1
involv	periment	1
involv	algorithm	2
involv	critic-link-miss	1
involv	complex	2
involv	base	1
involv	help	2
involv	fact	2
involv	tradeoff	2
involv	increas	2
involv	detect-critic	2
involv	inspect-horizon	2
traffic-packet	unit	2
traffic-packet	packet	1
traffic-packet	time-unit	1
traffic-packet	transfer-input-port	2
traffic-packet	case	1
traffic-packet	time	2
traffic-packet	integr-servic-network	1
traffic-packet	input-port-assumpt	2
traffic-packet	gener-processor-share	1
traffic-packet	switch	2
traffic-packet	shape	2
traffic-packet	equal	1
traffic-packet	singl	1
traffic-packet	schedul	2
traffic-packet	period	2
traffic-packet	output-port-assum	1
traffic-packet	approach-flow-control	1
traffic-packet	length	1
traffic-packet	node	1
traffic-packet	slot	1
traffic-packet	output	1
traffic-packet	serv-packet	1
traffic-packet	input-output-port	1
traffic-packet	capac	1
traffic-packet	exist	2
traffic-packet	queue	2
traffic-packet	multir	2
inspect	issu	2
inspect	time-schedul-packet	1
inspect	network	1
inspect	kind	1
inspect	number	2
inspect	periment	1
inspect	node	2
inspect	base	1
inspect	time-slot-futur	2
inspect	instanc	1
inspect	quat	1
inspect	packet	1
inspect	case	1
inspect	assign-session	1
inspect	found	1
inspect	effort	1
inspect	detect-critic	2
inspect	inspect-horizon	2
inspect	slot	1
inspect	traffic	1
deriv	optimum	1
deriv	step	2
deriv	notion-port-track	2
deriv	packet-polici-fact	1
deriv	stage	1
deriv	simul-result	1
deriv	theta-switch-feasibl	1
deriv	proof	2
deriv	weight	2
deriv	construct	2
deriv	prove-special-case	1
deriv	heurist-track-polici	2
deriv	track-polici-show	1
deriv	schedul	3
deriv	schedul-packet-deadlin	1
deriv	heurist-algorithm-basic	1
deriv	set-elig-link	2
deriv	reli	1
deriv	port-track-critic	1
deriv	base	1
deriv	fact	1
deriv	show	1
deriv	vertex-weight	1
deriv	critic-link-employ	1
deriv	natur-extens	1
deriv	basic	1
deriv	link	2
deriv	arbit	1
deriv	vertic	2
deriv	algorithm	1
deriv	solv-problem	1
deriv	match	1
deriv	provid-algorithm	2
deriv	polici	1
deriv	track	1
deriv	select	1
absolut	mention	1
absolut	schedul	2
absolut	node	2
absolut	consid	2
absolut	weight	2
absolut	criteria	1
absolut	greater	2
absolut	hard	1
absolut	remov	1
absolut	show	1
absolut	higher-prioriti	1
absolut	includ	1
absolut	match	1
absolut	essenti	2
absolut	approach	2
absolut	equival	1
absolut	exclud	1
situat	track-fluid-polici	1
situat	sens	1
situat	time	1
situat	packet-polici-resembl	1
situat	capac	1
situat	design-schedul-polici	2
situat	assump	2
situat	approach-design-packet	1
situat	tion	2
situat	instant	1
situat	share	1
situat	fluid-polici-assum	1
situat	fluid-polici-deriv	1
situat	enabl	2
situat	fraction	1
situat	arbitrari	1
situat	link	1
situat	network-resourc	2
situat	practic	2
situat	find	1
situat	perform	2
situat	conveni	2
situat	analyz	2
situat	major	2
situat	applic	1
situat	effect-schedul-polici	2
situat	polici	1
gener	packet	2
gener	result	2
gener	case	2
gener	state	1
gener	theta	3
gener	subpermut-matric	2
gener	equal	3
gener	schedul	2
gener	period	1
gener	assum	2
gener	suffici-condit-word	1
gener	nonanticip-polici-exist	2
gener	model-messag	2
gener	perflow	2
gener	arriv-process	2
gener	sort	1
gener	fluid-polici-time	1
gener	imposs	1
gener	polici-satisfi	1
gener	motiv	1
gener	input-output-pair	2
gener	track-fluid-polici	1
gener	distinct	1
gener	subpermut-matrix-algorithm	1
gener	switch-size	2
gener	indic	2
gener	guarante-servic	2
gener	task	1
gener	work	2
gener	critic	1
gener	satisfi	1
gener	node	1
gener	simul	2
gener	loss	1
gener	suffici-condit-port	1
gener	heurist-track-polici	1
gener	traffic	2
gener	fluid-polici-arriv	1
gener	theta-switch-notion	2
gener	reflect	1
gener	circumst	1
gener	subsequ-messag-integ	1
gener	backlog	1
gener	critic-port	1
gener	packet-deadlin	2
gener	inspect-horizon	1
gener	track-polici-theta	1
gener	select	1
gener	polici	1
gener	provid-nonanticip	1
gener	gener-case-switch	1
gener	time-slot-packet	1
gener	input-output-schedul	1
gener	denot	1
gener	criterion	1
gener	investig	2
gener	period-messag	1
gener	singl-link-singl	1
gener	switch-input-output	2
gener	schedul-time-slot	1
gener	achiev	2
gener	critic-node-inspect	1
gener	transmiss-input-port	2
gener	individu	2
gener	accomplish	1
gener	time-slot-clear	1
gener	arriv	2
gener	advanc	3
gener	base	2
gener	packet-track-polici	1
gener	track-polici-select	2
gener	higher-prioriti	1
gener	back	2
gener	link	3
gener	rang	1
gener	perfectli	1
gener	perform	2
gener	algorithm	2
gener	consist	1
gener	nonanticip	2
gener	heurist-algorithm-good	1
gener	gile-hajek	1
gener	messag	4
gener	packet-higher-prioriti	1
gener	fluid-polici-assign	1
gener	probabl	2
gener	effect	2
gener	aggreg-traffic	1
gener	provid	3
gener	perfect-track-properti	1
gener	time	4
gener	randomli	2
gener	function	2
gener	special-case-switch	1
gener	shown-track	1
gener	uniformli	1
gener	seek	1
gener	theta-switch-loss	1
gener	take	1
gener	time-slot-assum	1
gener	detect	1
gener	pair	1
gener	found	2
gener	flow	2
gener	fact	1
gener	constant-rate	2
gener	show	4
gener	schedul-matrix	2
gener	least	1
gener	session	1
gener	slot	3
gener	theta-case	1
gener	output-port-function	2
gener	fluid	1
critic-link-exclud	track-fluid-polici	1
critic-link-exclud	noncrit-link	2
critic-link-exclud	precis	1
critic-link-exclud	definit	1
critic-link-exclud	input-output-port	2
critic-link-exclud	share	2
critic-link-exclud	urgent-schedul	1
critic-link-exclud	link	2
critic-link-exclud	track-polici-loos	1
critic-link-exclud	schedul	1
critic-link-exclud	critic-node-section	1
critic-link-exclud	detect	2
satisfi	packet	1
satisfi	deadlin	5
satisfi	case	1
satisfi	schedul-polici-edf	1
satisfi	altern	1
satisfi	assumpt	1
satisfi	distinguish	1
satisfi	easi	2
satisfi	schedul	3
satisfi	approach	1
satisfi	algorithm	1
satisfi	immedi	1
satisfi	polici-exist	1
satisfi	servic	1
satisfi	singl-column-gammax	2
satisfi	polici-satisfi	2
satisfi	inequ	4
satisfi	uniti	1
satisfi	design	1
satisfi	singl-packet	1
satisfi	schedul-schedul	1
satisfi	complet	1
satisfi	permit	2
satisfi	effect	1
satisfi	packet-polici-base	1
satisfi	hold	1
satisfi	singl-column-row	2
satisfi	work	2
satisfi	remain	1
satisfi	servic-flow-fluid	1
satisfi	meet	1
satisfi	polici-call	1
satisfi	real	1
satisfi	heurist-track-polici	1
satisfi	traffic	1
satisfi	theta-switch-notion	1
satisfi	measur	1
satisfi	specif	1
satisfi	natur-extens	1
satisfi	contradict	2
satisfi	exist	2
satisfi	realtim	1
satisfi	output	1
satisfi	consid-fluid	2
satisfi	packet-deadlin	4
satisfi	output-port-queue	2
satisfi	polici	4
satisfi	condit-schedul	1
satisfi	provid-nonanticip	1
satisfi	unit	2
satisfi	singl-link-singl	2
satisfi	greater	1
satisfi	provid-packet-polici	2
satisfi	tran	1
satisfi	column	1
satisfi	prove	1
satisfi	achiev	1
satisfi	individu	1
satisfi	idea	1
satisfi	address-problem	2
satisfi	admiss	1
satisfi	arriv	1
satisfi	theta-switch-track	1
satisfi	time-unit	1
satisfi	packet-polici-track	1
satisfi	provid-schedul	2
satisfi	theta-case	1
satisfi	link	2
satisfi	prespecifi	2
satisfi	directli	1
satisfi	number	1
satisfi	servic-packet	1
satisfi	nonanticip	1
satisfi	fluid-polici-assign	1
satisfi	attempt	1
satisfi	provid	2
satisfi	fix-servic-rate	1
satisfi	transfer-input-port	2
satisfi	sequenc	1
satisfi	track-polici-section	1
satisfi	input-port-output	1
satisfi	start	1
satisfi	sincex	2
satisfi	switch	2
satisfi	note	2
satisfi	time-slot-input	1
satisfi	take	1
satisfi	transmit	1
satisfi	unit-packet	1
satisfi	fact	2
satisfi	show	3
satisfi	find	1
satisfi	suppos	1
satisfi	section-show	1
satisfi	requir	1
satisfi	view	1
packet-polici-definit	fluid-polici-track	2
packet-polici-definit	insid	1
packet-polici-definit	deadlin	2
packet-polici-definit	object-schedul-packet	1
packet-polici-definit	switch	1
packet-polici-definit	studi	1
packet-polici-definit	packet-schedul	2
packet-polici-definit	induc	2
packet-polici-definit	polici-satisfi	2
packet-polici-definit	time	1
packet-polici-definit	special-case-theta	1
packet-polici-definit	time-frame	1
inspect-horizon	quat	2
inspect-horizon	deadlin	1
inspect-horizon	investig	1
inspect-horizon	critic-link-miss	1
inspect-horizon	complex	2
inspect-horizon	link-increas	2
inspect-horizon	switch-size	1
inspect-horizon	experi	1
inspect-horizon	simul	1
inspect-horizon	critic-node-inspect	2
inspect-horizon	tradeoff	2
inspect-horizon	time-slot-futur	2
inspect-horizon	node	2
inspect-horizon	perform	1
inspect-horizon	found	2
inspect-horizon	periment	2
inspect-horizon	base	4
inspect-horizon	fact	2
inspect-horizon	constant-rate	2
inspect-horizon	averag	1
inspect-horizon	detect-critic	4
inspect-horizon	issu	1
inspect-horizon	algorithm	3
inspect-horizon	number	2
inspect-horizon	help	2
inspect-horizon	increas	2
inspect-horizon	messag	1
excess	perform	1
excess	miss-packet	1
excess	allow	1
excess	deadlin	1
excess	toler	2
excess	fact	1
excess	accept	1
excess	packet	1
excess	impos	2
excess	applic	2
excess	arbit	2
excess	neglect	1
excess	delay	2
fluid-polici-nonanticip	issu	1
fluid-polici-nonanticip	algorithm	1
fluid-polici-nonanticip	result	1
fluid-polici-nonanticip	heurist-track-polici	1
fluid-polici-nonanticip	complex	1
fluid-polici-nonanticip	base	1
fluid-polici-nonanticip	fact	1
fluid-polici-nonanticip	provid	1
fluid-polici-nonanticip	track-polici-exist	1
fluid-polici-nonanticip	imposs	2
fluid-polici-nonanticip	good-perfect-perform	1
fluid-polici-nonanticip	shown	2
fluid-polici-nonanticip	perfect-track-polici	2
fluid-polici-nonanticip	justifi	1
fluid-polici-nonanticip	special-case-heurist	1
vertic	criterion	1
vertic	link	1
vertic	belong	2
vertic	maxim	2
vertic	member	3
vertic	optimum	1
vertic	optim	1
vertic	vertex	2
vertic	stage	1
vertic	altern	2
vertic	assumpt	2
vertic	summat-criterion	2
vertic	summat	2
vertic	weight	4
vertic	replac	2
vertic	node-path	1
vertic	set-link	2
vertic	schedul	4
vertic	path	2
vertic	set-elig-link	2
vertic	match	2
vertic	includ	2
vertic	propos	1
vertic	base	1
vertic	vertex-weight	1
vertic	basic	1
vertic	arbit	1
vertic	node	2
vertic	step	3
vertic	number	2
vertic	path-odd	2
vertic	graph-base-prioriti	1
vertic	contradict-optim	2
vertic	select	2
vertic	algorithm	1
modifi	solut	1
modifi	provid	2
modifi	initi	2
modifi	column-row	1
modifi	case	2
modifi	schedul-algorithm-base	2
modifi	examin	1
modifi	stage	1
modifi	continu	1
modifi	consid	1
modifi	argument	2
modifi	rest	1
modifi	note	2
modifi	vertex	1
modifi	schedul	2
modifi	match-select	2
modifi	fashion	1
modifi	weight-node-urgent	2
modifi	set-elig-link	2
modifi	match	1
modifi	updat	1
modifi	base	1
modifi	eventu	1
modifi	basic	1
modifi	noninteg	2
modifi	uneighbor	1
modifi	show-hold	2
modifi	perform	2
modifi	biter	2
modifi	enhanc	2
modifi	appli	2
modifi	order	2
link-critic-link	check	2
link-critic-link	critic-node-elig	2
wait	approach	1
wait	maximum	2
wait	deadlin	2
wait	toler	2
wait	determin	2
wait	arriv	2
wait	satisfact	1
wait	framework	1
wait	depart	2
wait	time	2
wait	packet-present	2
wait	schedul	1
noncrit	critic-link-increas	1
noncrit	constant	2
noncrit	noncrit-link	1
noncrit	critic-node-elig	1
noncrit	exceed	2
noncrit	weight	3
noncrit	greater	2
noncrit	remov	1
noncrit	chanc	1
noncrit	arbitr	1
noncrit	link	1
noncrit	schedul	2
noncrit	increas-weight-critic	4
noncrit	node	1
convert	polici-obtain-nonanticip	1
convert	mention	1
convert	problem-solv	1
convert	polici-exist	2
convert	implement	1
convert	deadlin-schedul	1
convert	depend-futur-arriv	1
convert	problem	1
convert	track-polici-previou	1
convert	procedur	2
convert	onlin	1
convert	fluid-polici-packet	2
convert	obtain-track	1
convert	polici	1
convert	shown-track	2
convert	track	1
convert	polici-convert	1
critic-node-elig	noncrit-link	2
critic-node-elig	exceed	1
critic-node-elig	check	2
critic-node-elig	remov	2
critic-node-elig	increas-weight-critic	1
critic-node-elig	link	2
packet-polici-input	port-exceed	1
packet-polici-input	port-capac	1
packet-polici-input	output-port-connect	2
packet-polici-input	time-slot-speed	1
packet-polici-input	switch	1
packet-polici-input	time-slot-input	1
packet-polici-input	output-input-port	2
packet-polici-input	total-servic-rate	1
packet-polici-input	slot	1
packet-polici-input	time	1
solv-problem	proceed	1
solv-problem	packet	1
solv-problem	investig	1
solv-problem	transmiss	1
solv-problem	input-queu-switch	1
solv-problem	hold	1
solv-problem	transmiss-packet	2
solv-problem	proof	1
solv-problem	construct	1
solv-problem	gener-case-theta	1
solv-problem	note	1
solv-problem	fluid-polici-start	2
solv-problem	begin	1
solv-problem	track-polici-show	1
solv-problem	schedul	2
solv-problem	schedul-packet-deadlin	2
solv-problem	fact	1
solv-problem	polici-track-finish	2
solv-problem	show	1
solv-problem	natur-extens	2
solv-problem	provid-algorithm	1
solv-problem	fluid-polici-time	2
solv-problem	fact-packet	2
solv-problem	packet-polici-note	1
solv-problem	definit	1
biter	perform	2
biter	set-elig-link	2
biter	base	1
biter	vertex	1
biter	weight-node-urgent	2
biter	match	1
biter	provid	2
biter	initi	2
biter	enhanc	2
biter	basic	1
biter	schedul-algorithm-base	2
biter	solut	1
biter	stage	1
biter	schedul	2
biter	consid	1
biter	match-select	2
packet-polici-extend	track-fluid-polici	2
packet-polici-extend	fluid-polici-input	1
packet-polici-extend	queue-switch	1
packet-polici-extend	switch	1
packet-polici-extend	speedup	1
packet-polici-extend	input-queue-switch	2
packet-polici-extend	consid	1
amount	schedul-algorithm-switch	1
amount	network	2
amount	resourc	2
amount	reject	1
amount	connect-request	1
amount	analyz	2
amount	determin	1
amount	base	1
amount	switch	1
amount	analysi	1
amount	hand	2
amount	characterist	1
amount	pattern	1
amount	admit	1
amount	requir	1
amount	applic	1
amount	capabl	2
amount	delay-jitter	1
amount	applic-requir	1
amount	incom	1
amount	traffic	1
input-output-port	unit	2
input-output-port	track-fluid-polici	1
input-output-port	fluid-polici-track	1
input-output-port	link	4
input-output-port	call	2
input-output-port	serv	1
input-output-port	time-unit	3
input-output-port	schedul-algorithm-propos	1
input-output-port	transfer-input-port	1
input-output-port	packet	1
input-output-port	output-input-port	1
input-output-port	time-slot-input	1
input-output-port	time	2
input-output-port	capac	3
input-output-port	weight-link	2
input-output-port	input-port-assumpt	1
input-output-port	urgent-schedul	1
input-output-port	total-servic-rate	1
input-output-port	reduc	1
input-output-port	posit-weight	2
input-output-port	weight	2
input-output-port	switch	1
input-output-port	share	2
input-output-port	equal	2
input-output-port	queue-switch	1
input-output-port	speed	1
input-output-port	schedul	2
input-output-port	bipartit-graph	1
input-output-port	critic-node-section	1
input-output-port	detect	2
input-output-port	precis	1
input-output-port	packet-consid	2
input-output-port	weight-vertex	2
input-output-port	track-polici-input	1
input-output-port	vertex-weight	1
input-output-port	fairli	1
input-output-port	port-exceed	1
input-output-port	arbit	1
input-output-port	track-polici-loos	1
input-output-port	show	1
input-output-port	output-port-connect	1
input-output-port	output	1
input-output-port	noncrit-link	2
input-output-port	serv-packet	2
input-output-port	servic-packet	2
input-output-port	lessen	1
input-output-port	size	3
input-output-port	differ	1
input-output-port	chanc	1
input-output-port	paper	2
input-output-port	input-queue-switch	2
input-output-port	requir	1
input-output-port	receiv	1
input-output-port	fluid-packet	1
input-output-port	exist	1
input-output-port	definit	1
input-output-port	total	1
input-output-port	track	2
input-output-port	assign	2
input-output-port	queue	1
studi	fluid-polici-track	1
studi	packet	1
studi	deadlin	1
studi	investig	1
studi	good	2
studi	provid	2
studi	input-queu-switch	2
studi	simul	2
studi	induc	1
studi	theta-switch-feasibl	1
studi	gener-case-theta	2
studi	switch	2
studi	packet-schedul	1
studi	prove-special-case	1
studi	special-case-theta	2
studi	perform	2
studi	heurist-algorithm-show	2
studi	number	2
studi	polici-satisfi	1
studi	polici	1
theta-switch-exist	servic-flow-fluid	1
theta-switch-exist	fluid-polici-input	1
theta-switch-exist	queue	1
theta-switch-exist	individu	1
theta-switch-exist	nonanticip	1
theta-switch-exist	arbitrari	1
theta-switch-exist	polici	1
theta-switch-exist	theorem	1
theta-switch-exist	packet-polici-track	1
chanc	criterion	1
chanc	attempt	1
chanc	call	1
chanc	greater	1
chanc	weight-link	2
chanc	remov	1
chanc	optim	1
chanc	arbitr	2
chanc	function	1
chanc	critic-link-increas	2
chanc	reduc	2
chanc	posit-weight	2
chanc	weight	3
chanc	critic	1
chanc	weight-node-match	1
chanc	schedul	4
chanc	constant	1
chanc	match	1
chanc	weight-vertex	2
chanc	show	2
chanc	vertex-weight	2
chanc	link	1
chanc	bipartit-graph	1
chanc	lessen	2
chanc	increas-weight-critic	1
chanc	left	1
chanc	select	1
chanc	link-critic-port	1
chanc	total	2
chanc	track	1
chanc	assign	1
imposs	track-fluid-polici	2
imposs	result	1
imposs	complex	1
imposs	provid	1
imposs	indic	1
imposs	theta	1
imposs	function	1
imposs	perfect-track-polici	2
imposs	justifi	1
imposs	transmiss-input-port	1
imposs	good-perfect-perform	1
imposs	shown	2
imposs	schedul	1
imposs	traffic	1
imposs	advanc	1
imposs	heurist-track-polici	1
imposs	base	1
imposs	fact	1
imposs	schedul-matrix	1
imposs	back	1
imposs	circumst	2
imposs	arriv-process	1
imposs	perfectli	2
imposs	issu	1
imposs	algorithm	1
imposs	arriv	1
imposs	output-port-function	1
imposs	track-polici-exist	1
imposs	nonanticip	1
imposs	special-case-heurist	1
imposs	time	1
depart	deadlin	2
depart	track-polici-exist	1
depart	futur-arriv	1
depart	framework	1
depart	time	3
depart	fluid-polici-packet	2
depart	approach	1
depart	definit-definit	2
depart	purpos	2
depart	toler	2
depart	note	1
depart	end-time-slot	2
depart	crucial	1
depart	schedul	2
depart	arriv	2
depart	question	1
depart	precis	2
depart	determin	2
depart	base-assumpt	1
depart	maximum	2
depart	inform	1
depart	track-pol-ici	1
depart	calcul	1
depart	satisfact	1
depart	fluid	2
depart	packet-polici-latest	2
depart	packet-present	2
depart	polici	2
depart	order-packet-departur	1
repres-optim-match	criterion	4
repres-optim-match	optim-match-graph	1
repres-optim-match	suppos	2
repres-optim-match	proof	2
repres-optim-match	criterion-optim-base	1
repres-optim-match	criteria	1
repres-optim-match	graph-base-summat	4
repres-optim-match	prioriti-criterion-optim	1
repres-optim-match	lemma	1
repres-optim-match	summat-criterion	1
repres-optim-match	equival	1
repres-optim-match	prove	1
circumv	memori	1
circumv	line-rate	1
circumv	pattern	1
circumv	line	1
circumv	sequenc	2
circumv	switch-size	1
circumv	altern	1
circumv	moder	1
circumv	work	1
circumv	output-queue-switch	2
circumv	switch	2
circumv	accept	1
circumv	speed	2
circumv	shown	1
circumv	suffici	2
circumv	input-queue-attract	1
circumv	match	2
circumv	size-switch	1
circumv	fact	1
circumv	pure	2
circumv	output	2
circumv	combin	2
circumv	limit	2
circumv	problem	2
circumv	capac	1
circumv	increas	1
circumv	input-output-queue	2
circumv	bandwidth	1
appli	frame	2
appli	condit	2
appli	packet	3
appli	base-concept	1
appli	singl-packet	1
appli	result	3
appli	period-messag	2
appli	show-hold	2
appli	heurist-simul-algorithm	1
appli	eventu	1
appli	note	2
appli	column-row	1
appli	singl-link-case	1
appli	case	2
appli	end-time-slot	1
appli	examin	1
appli	obtain-track	2
appli	singl-column-row	2
appli	network	2
appli	edf-polici-singl	2
appli	set-messag	2
appli	belong	2
appli	proof	1
appli	claim	1
appli	satellit-switch-simul	2
appli	rest	1
appli	packet-schedul	2
appli	lpm-unit-length	2
appli	straightforward	1
appli	argument	2
appli	fashion	1
appli	packet-consid	1
appli	directli	2
appli	updat	1
appli	similar	1
appli	propos	1
appli	traffic	2
appli	perform-analysi	1
appli	noninteg	2
appli	heurist-simul-algorithmi	2
appli	uneighbor	1
appli	origin	1
appli	slot	1
appli	time-slot-note	2
appli	conveni	1
appli	allow	2
appli	time-slot-deadlin	1
appli	order	2
appli	pol-ici	1
appli	schedul-multiperiod-tdma	2
appli	continu	1
appli	fluid	1
appli	paper	1
appli	schedul-polici-design	1
appli	messag	1
appli	depart-switch-fluid	1
appli	link-case	2
appli	port-port	1
appli	polici	3
appli	inukai-method	2
approxim	deadlin	1
approxim	futur	1
approxim	futur-arriv	1
approxim	fluid-polici-depend	1
approxim	deadlin-packet	2
approxim	approach	1
approxim	rate-link	2
approxim	model	2
approxim	instanc	2
approxim	arriv	2
approxim	satellit-switch-rate	1
approxim	traffic	2
approxim	advanc	1
approxim	flow	2
approxim	base	2
approxim	multiperiod-messag-tdma	1
approxim	constant-rate	1
approxim	averag	2
approxim	arriv-process	1
approxim	assign-session	1
approxim	backlog	2
approxim	nonanticip	1
approxim	control-servic-disciplin	1
depart-switch-fluid	polici	2
depart-switch-fluid	arriv	1
depart-switch-fluid	futur	1
depart-switch-fluid	time-slot-deadlin	2
depart-switch-fluid	pol-ici	1
depart-switch-fluid	base-assumpt	1
depart-switch-fluid	calcul	1
depart-switch-fluid	end-time-slot	2
depart-switch-fluid	singl-link-case	2
depart-switch-fluid	packet	2
depart-switch-fluid	link-case	1
depart-switch-fluid	obtain-track	1
depart-switch-fluid	edf-polici-singl	1
packet-present	approach	1
packet-present	maximum	2
packet-present	deadlin	2
packet-present	toler	2
packet-present	determin	2
packet-present	arriv	2
packet-present	satisfact	1
packet-present	framework	1
packet-present	time	2
packet-present	schedul	1
inequ	complet-transmiss-slot	2
inequ	port-serv-fcf	2
inequ	assumpt	1
inequ	subpermut-matric	2
inequ	distinguish	1
inequ	assum	1
inequ	singl-column-gammax	2
inequ	polici-least	2
inequ	case	1
inequ	track-fluid-polici	1
inequ	port-exceed	2
inequ	singl-packet	1
inequ	problem-find-sequenc	1
inequ	solut-problem	1
inequ	notic	4
inequ	permit	2
inequ	packet-polici-base	1
inequ	hold	2
inequ	singl-column-row	2
inequ	work	2
inequ	remain	1
inequ	construct	1
inequ	process	1
inequ	packet-transmit	1
inequ	real	1
inequ	realiz	2
inequ	traffic	1
inequ	part	1
inequ	packet-polici-serv	2
inequ	measur	1
inequ	contradict	2
inequ	permut	1
inequ	output	1
inequ	tize	1
inequ	pol-ici	2
inequ	polici-fluid-pack	1
inequ	output-port-queue	2
inequ	polici	3
inequ	unit	2
inequ	begin-slot	1
inequ	leftmost	2
inequ	matrix-schedul	1
inequ	tran	1
inequ	column	1
inequ	prove	1
inequ	output-port-fluid	2
inequ	transmiss-input-port	2
inequ	packet-complet-transmiss	2
inequ	end-slot	3
inequ	ensur	2
inequ	impli-packet-complet	1
inequ	transmiss-slot-packet	1
inequ	base	1
inequ	slot-packet-polici	2
inequ	transmiss-input-output	4
inequ	number	1
inequ	packet-polici-subpermut	1
inequ	necessarili	1
inequ	polici-impli-packet	2
inequ	transmiss	2
inequ	number-packet-complet	4
inequ	transfer-input-port	2
inequ	serv-fcf-polici	1
inequ	sincex	2
inequ	switch	2
inequ	note	5
inequ	time-slot-input	1
inequ	port-packet-polici	2
inequ	transmit	1
inequ	unit-packet	1
inequ	packet-slot	1
inequ	found	2
inequ	fact	2
inequ	show	3
inequ	slot	1
inequ	fact-packet	3
inequ	fluid	4
provid-algorithm	polici	1
provid-algorithm	theta-switch-feasibl	1
provid-algorithm	proof	2
provid-algorithm	fact	1
provid-algorithm	construct	2
provid-algorithm	prove-special-case	1
provid-algorithm	packet-polici-fact	1
provid-algorithm	natur-extens	1
provid-algorithm	track-polici-show	1
provid-algorithm	schedul	1
provid-algorithm	schedul-packet-deadlin	1
provid-algorithm	track	1
heurist	step	1
heurist	result-match	1
heurist	section-schedul-tdma	1
heurist	simpl	1
heurist	result	1
heurist	schedul-time-slot	1
heurist	satellit-switch-provid	1
heurist	satellit-switch-simul	1
heurist	provid	1
heurist	schedul-algorithm-base	1
heurist	primari-result	1
heurist	simul-result	1
heurist	schedul	1
heurist	final	1
heurist	slot	1
heurist	algorithm	2
graph-base-prioriti	number	1
graph-base-prioriti	member	1
graph-base-prioriti	equal	1
graph-base-prioriti	optim	2
graph-base-prioriti	path-odd	1
graph-base-prioriti	vertex	2
graph-base-prioriti	criterion	2
graph-base-prioriti	contradict-optim	1
graph-base-prioriti	node-greater-weight	1
total	criterion	1
total	attempt	1
total	call	1
total	weight-link	2
total	optim	1
total	function	1
total	reduc	2
total	posit-weight	2
total	weight	2
total	weight-node-match	1
total	schedul	2
total	match	1
total	weight-vertex	2
total	show	2
total	vertex-weight	2
total	link	1
total	bipartit-graph	1
total	lessen	2
total	left	1
total	select	1
total	track	1
total	assign	1
fluid-polici-approach	conveni	1
fluid-polici-approach	design-packet-polici	1
fluid-polici-approach	packet-consid	1
fluid-polici-approach	analyz	1
fluid-polici-approach	perform-analysi	1
fluid-polici-approach	process	1
fluid-polici-approach	fluid	1
fluid-polici-approach	paper	1
fluid-polici-approach	departur	1
fluid-polici-approach	design	1
fluid-polici-approach	sens	1
fluid-polici-approach	schedul-polici-design	1
fluid-polici-approach	fluid-polici-implement	1
fluid-polici-approach	packet-polici-resembl	1
fluid-polici-approach	polici	1
select	deadlin	1
select	optimum	2
select	weight-link	1
select	case	2
select	schedul-polici-edf	2
select	theta	1
select	extens	1
select	equal	1
select	weight-node-match	4
select	schedul	5
select	path	1
select	compon	1
select	arbit	2
select	search	2
select	sort	1
select	lessen	1
select	input-output-pair	1
select	track-fluid-polici	1
select	match-algorithm	1
select	optim	2
select	experi	2
select	mention	1
select	summat	1
select	critic	1
select	minimum	2
select	occur	1
select	polici-time-slot	2
select	node	8
select	set-elig-link	1
select	match	5
select	node-step	2
select	weight-vertex	1
select	natur-extens	1
select	averag	1
select	track-polici-loos	1
select	elig	2
select	left	2
select	success	2
select	definit	2
select	track	2
select	criterion	3
select	maxim	1
select	period-messag	2
select	step	6
select	unsuccess	1
select	choic	1
select	weight	3
select	set-link	2
select	vector	1
select	start	2
select	free	2
select	base	3
select	weight-match-maximum	1
select	vertex-weight	3
select	messagesar	2
select	link	3
select	highest	2
select	rang	2
select	maximum-link	1
select	algorithm	2
select	servic-configur	1
select	augment-path	2
select	problem	2
select	lexicograph	2
select	priorit-criterion	1
select	messag	1
select	probabl	1
select	attempt	2
select	repeat	2
select	critic-link-critic	1
select	vertex	2
select	randomli	1
select	function	2
select	summat-criterion	1
select	uniformli	2
select	reduc	1
select	posit-weight	1
select	switch	1
select	urgent-schedul	1
select	detect	2
select	found	2
select	propos	1
select	show	1
select	configur	2
select	node-smaller-weight	2
select	deadlin-vector	2
multir	gener-processor-share	1
multir	node	1
multir	integr-servic-network	1
multir	switch	2
multir	approach-flow-control	1
multir	shape	2
multir	singl	1
multir	case	1
multir	schedul	2
multir	period	2
open-question	algorithm	1
open-question	result	1
open-question	base	1
open-question	provid	1
open-question	track-polici-exist	1
open-question	exist-track-polici	1
open-question	theta	1
open-question	special-case-heurist	1
proceed	call	2
proceed	problem-find-sequenc	2
proceed	provid	2
proceed	solut-problem	1
proceed	solut	1
proceed	stricter	2
proceed	transmiss-packet	1
proceed	subpermut-matric	2
proceed	neighbor	2
proceed	proof	1
proceed	note	1
proceed	address	2
proceed	polici-track-finish	1
proceed	fluid-polici-start	1
proceed	uneighbor	2
proceed	fluid-polici-time	1
proceed	fact-packet	1
proceed	problem	2
proceed	definit	3
memori	line-rate	2
memori	line	2
memori	sequenc	1
memori	switch-size	2
memori	time	1
memori	altern	2
memori	moder	2
memori	scenario	1
memori	work	2
memori	output-queue-switch	2
memori	switch-fabric	1
memori	switch	1
memori	accept	2
memori	speed	1
memori	accommod	1
memori	suffici	2
memori	input-queue-attract	2
memori	match	1
memori	size-switch	2
memori	pure	1
memori	faster	1
memori	output	1
memori	combin	1
memori	limit	1
memori	order	1
memori	problem	1
memori	capac	2
memori	increas	2
memori	input-output-queue	1
memori	bandwidth	2
distinct	aggreg-traffic	2
distinct	provid	1
distinct	vertex	1
distinct	guarante-servic	1
distinct	individu	1
distinct	node	3
distinct	degre	1
distinct	pair	2
distinct	path	2
distinct	flow	2
distinct	session	2
distinct	link	1
distinct	circumst	1
distinct	perflow	1
distinct	consist	4
distinct	maximum-degre-vertex	2
distinct	loop	2
distinct	union	2
applic-requir	packet	1
applic-requir	main	1
applic-requir	capabl	1
applic-requir	provid	1
applic-requir	design	1
applic-requir	introduct	1
applic-requir	integr-servic-network	1
applic-requir	network	3
applic-requir	connect-request	1
applic-requir	admit	1
applic-requir	delay	1
applic-requir	perform	2
applic-requir	base	1
applic-requir	reject	1
applic-requir	applic	1
applic-requir	loss	1
applic-requir	resourc	1
applic-requir	analysi	1
applic-requir	hand	1
applic-requir	measur	1
applic-requir	translat	2
applic-requir	rang	1
applic-requir	issu	1
applic-requir	analyz	1
applic-requir	servic	1
applic-requir	requir	1
applic-requir	paramet	2
applic-requir	broad	1
applic-requir	common	1
applic-requir	probabl	1
base-concept	satellit-switch-simul	1
base-concept	illustr-simul-result	1
base-concept	simpl	1
base-concept	result	1
base-concept	base-track	1
base-concept	heurist-track-polici	1
base-concept	propos	2
base-concept	heurist-simul-algorithm	2
base-concept	elabor	1
base-concept	idea	1
base-concept	critic	1
base-concept	design	1
base-concept	link	1
base-concept	heurist-simul-algorithmi	1
base-concept	schedul-multiperiod-tdma	1
base-concept	track-polici-implement	1
singl-packet	unit	1
singl-packet	condit	1
singl-packet	packet	1
singl-packet	belong	1
singl-packet	transmiss	1
singl-packet	transfer-input-port	1
singl-packet	time-slot-input	2
singl-packet	packet-polici-base	2
singl-packet	singl-column-row	1
singl-packet	assumpt	2
singl-packet	work	1
singl-packet	network	1
singl-packet	transmit	2
singl-packet	output	1
singl-packet	traffic	1
singl-packet	slot-packet-transmiss	1
singl-packet	slot	2
singl-packet	directli	1
singl-packet	allow	1
singl-packet	time-slot-note	1
singl-packet	output-port-packet	1
singl-packet	output-port-queue	1
singl-packet	permit	1
singl-packet	port-port	2
singl-packet	polici	1
latenc	perform	1
latenc	time-unit	2
latenc	percent	2
latenc	maximum	2
latenc	number-packet-miss	2
latenc	deadlin-deadlin	2
latenc	accept	1
latenc	case	2
latenc	applic	1
latenc	switch-size	1
latenc	correspond	1
call	extens-edf	1
call	problem-find-sequenc	1
call	schedul-schedul	1
call	provid	1
call	solut	1
call	stricter	2
call	weight-link	2
call	subpermut-matric	1
call	neighbor	2
call	posit-weight	2
call	weight	2
call	admiss	1
call	address	2
call	problem	2
call	theta-switch-polici	1
call	simpl	1
call	weight-vertex	2
call	vertex-weight	1
call	fluid-polici-track	1
call	reduc	1
call	link	2
call	uneighbor	1
call	show	1
call	schedul	1
call	bipartit-graph	1
call	algorithm	1
call	lessen	1
call	differ	1
call	exist	1
call	definit	2
call	track	2
call	assign	2
problem-find-sequenc	complet-transmiss-slot	1
problem-find-sequenc	leftmost	1
problem-find-sequenc	track-fluid-polici	2
problem-find-sequenc	provid	2
problem-find-sequenc	number-packet-complet	1
problem-find-sequenc	solut-problem	3
problem-find-sequenc	notic	1
problem-find-sequenc	solut	1
problem-find-sequenc	stricter	1
problem-find-sequenc	matrix-schedul	2
problem-find-sequenc	subpermut-matric	4
problem-find-sequenc	neighbor	1
problem-find-sequenc	output-port-fluid	1
problem-find-sequenc	proof	1
problem-find-sequenc	transmiss-input-port	1
problem-find-sequenc	packet-complet-transmiss	1
problem-find-sequenc	port-packet-polici	1
problem-find-sequenc	end-slot	1
problem-find-sequenc	address-problem	1
problem-find-sequenc	address	1
problem-find-sequenc	found	2
problem-find-sequenc	packet-slot	2
problem-find-sequenc	slot-packet-polici	1
problem-find-sequenc	uneighbor	2
problem-find-sequenc	transmiss-input-output	1
problem-find-sequenc	fact-packet	1
problem-find-sequenc	pol-ici	1
problem-find-sequenc	port-serv-fcf	1
problem-find-sequenc	fluid	1
problem-find-sequenc	polici-least	1
problem-find-sequenc	packet-polici-subpermut	2
problem-find-sequenc	definit	1
problem-find-sequenc	problem	1
problem-find-sequenc	polici-impli-packet	1
criteria	criterion	1
criteria	optim-match-graph	1
criteria	greater	1
criteria	structur	2
criteria	optim	2
criteria	approach	1
criteria	consid	1
criteria	argument	1
criteria	mention	2
criteria	mean	2
criteria	graph-base-summat	1
criteria	weight	2
criteria	equival	4
criteria	hard	2
criteria	equal	1
criteria	special	2
criteria	schedul	1
criteria	prove	2
criteria	versa	1
criteria	show	2
criteria	node-node	1
criteria	essenti	1
criteria	node	1
criteria	bipartit-graph	1
criteria	algorithm-deriv	1
criteria	lemma	2
criteria	vice	1
schedul-schedul	algorithm	1
schedul-schedul	extens-edf	1
schedul-schedul	theta-switch-polici	1
schedul-schedul	simpl	1
schedul-schedul	deadlin	1
schedul-schedul	polici-call	1
schedul-schedul	admiss	2
schedul-schedul	exist	2
schedul-schedul	schedul	1
lost	simul	2
lost	packet	2
lost	percent	2
lost	track-fluid-polici	2
lost	fact	2
lost	propos	1
lost	switch	2
lost	track-properti	1
lost	messag	1
lost	gener-case-heurist	1
lost	algorithm-good-perfect	1
high-speed	conclus	1
high-speed	fluid-polici-track	1
high-speed	exchang	2
high-speed	main	2
high-speed	special-case-theta	1
high-speed	provid	3
high-speed	stage	1
high-speed	polici-extend	1
high-speed	link	1
high-speed	guarante-servic	2
high-speed	scalabl	2
high-speed	tdma-satellit-switch	2
high-speed	network	2
high-speed	processor	1
high-speed	switch	3
high-speed	multiperiod-messag-exist	1
high-speed	concern	2
high-speed	messag	1
high-speed	weight-node-elig	1
high-speed	track-polici-prove	1
high-speed	comput	1
high-speed	algorithm	2
high-speed	theta-switch-concept	1
high-speed	link-weight-match	1
high-speed	notion	1
high-speed	weight-link	1
high-speed	card	2
high-speed	signal	2
high-speed	arbit	2
high-speed	node	1
high-speed	inform	2
high-speed	paper	1
high-speed	requir	2
high-speed	applic	2
port-switch	critic-port	1
port-switch	weight	1
port-switch	processor	1
port-switch	provid	1
port-switch	investig	1
port-switch	calcul	1
port-switch	interact	2
port-switch	comput	2
port-switch	parallel	2
port-switch	link	1
port-switch	stage	2
port-switch	arbit	1
port-switch	weight-node-elig	1
port-switch	node	1
relat	correct	1
relat	fourth	2
relat	relat-correct	2
relat	subcas	1
relat	sincebffc	2
relat	hencex	2
relat	case	3
relat	hold	2
relat	subcas-relat	1
line	line-rate	2
line	track-polici-convert	2
line	sequenc	1
line	switch-size	2
line	time	3
line	altern	2
line	moder	2
line	accommod	2
line	work	3
line	output-queue-switch	3
line	switch-fabric	2
line	switch	1
line	accept	2
line	theta-switch-input	1
line	speed	1
line	scenario	2
line	input-queue-attract	2
line	question	1
line	match	1
line	size-switch	2
line	switch-open	1
line	schedul-packet-dead	2
line	exist-track-polici	1
line	suffici	2
line	pure	1
line	search	2
line	faster	2
line	output	1
line	combin	1
line	suppos	1
line	packet-output	1
line	order	2
line	problem	1
line	limit	1
line	capac	2
line	schedul-problem	2
line	packet-packet	1
line	increas	2
line	input-output-queue	1
line	bandwidth	2
notic	complet-transmiss-slot	2
notic	track-fluid-polici	1
notic	port-exceed	2
notic	leftmost	2
notic	transmiss	2
notic	number-packet-complet	4
notic	solut-problem	1
notic	port-serv-fcf	2
notic	polici-least	2
notic	matrix-schedul	1
notic	fluid	4
notic	subpermut-matric	1
notic	output-port-fluid	2
notic	serv-fcf-polici	1
notic	transmiss-input-port	2
notic	switch	1
notic	note	1
notic	packet-complet-transmiss	2
notic	ensur	1
notic	transmiss-slot-packet	1
notic	impli-packet-complet	1
notic	found	1
notic	realiz	1
notic	packet-slot	1
notic	part	1
notic	packet-polici-serv	1
notic	slot-packet-polici	2
notic	transmiss-input-output	4
notic	fact-packet	3
notic	necessarili	1
notic	pol-ici	2
notic	packet-transmit	1
notic	port-packet-polici	2
notic	packet-polici-subpermut	1
notic	polici	2
notic	end-slot	3
notic	polici-impli-packet	2
enhanc	perform	2
enhanc	set-elig-link	2
enhanc	base	1
enhanc	vertex	1
enhanc	weight-node-urgent	2
enhanc	provid	2
enhanc	initi	2
enhanc	match	1
enhanc	basic	1
enhanc	schedul-algorithm-base	2
enhanc	solut	1
enhanc	stage	1
enhanc	schedul	2
enhanc	consid	1
enhanc	match-select	2
casesth	paper	1
casesth	condit	2
casesth	review	2
casesth	input-queue-schedul	1
casesth	tion	2
casesth	switch	2
casesth	provid	2
casesth	show	1
casesth	messag-tdma-satellit	2
casesth	explain	2
casesth	track-poli-cie	2
casesth	organ	1
casesth	elabor	2
casesth	special-case-pose	1
casesth	essenti	1
casesth	fluid	2
casesth	problem	1
indic	track-fluid-polici	1
indic	time	2
indic	theta	2
indic	function	2
indic	transmiss-input-port	2
indic	schedul	2
indic	arriv	2
indic	advanc	2
indic	traffic	2
indic	schedul-matrix	2
indic	back	2
indic	circumst	1
indic	arriv-process	2
indic	slot	1
indic	perfectli	1
indic	fluid-polici-time	1
indic	output-port-function	2
indic	fluid	1
indic	nonanticip	2
examin	eventu	2
examin	column-row	2
examin	case	1
examin	continu	2
examin	argument	1
examin	rest	2
examin	note	1
examin	procedur	1
examin	fashion	2
examin	algorithm	1
examin	updat	2
examin	noninteg	1
examin	uneighbor	2
examin	show-hold	1
examin	order	1
examin	creat	1
examin	polici	1
examin	track	1
aris	uniti	1
aris	packet	1
aris	question	2
aris	toler	1
aris	constraint	2
aris	greater	1
aris	provid-schedul	2
aris	input-port-output	1
aris	condit-schedul	1
aris	period	1
aris	delay	1
packet-polici-base	work	1
packet-polici-base	output	1
packet-polici-base	assumpt	2
packet-polici-base	output-port-queue	1
packet-polici-base	transmiss	1
packet-polici-base	output-port-packet	1
packet-polici-base	transfer-input-port	1
packet-polici-base	slot-packet-transmiss	1
packet-polici-base	transmit	2
packet-polici-base	permit	1
packet-polici-base	time-slot-input	2
packet-polici-base	unit	1
packet-polici-base	port-port	1
packet-polici-base	slot	1
hold	polici-fluid-pack	1
hold	packet	2
hold	result	2
hold	switch	1
hold	transmiss	1
hold	subpermut-matrix-note	1
hold	hencex	2
hold	polici-feasibl	1
hold	column-row	2
hold	singl-link-case	2
hold	case	3
hold	sincex	1
hold	theta	1
hold	transmiss-packet	2
hold	singl-column-row	1
hold	theta-switch-recal	1
hold	justifi	1
hold	nonanticip-track-polici	2
hold	permut	1
hold	subpermut-matric	1
hold	serv-fcf-polici	1
hold	fluid-polici-start	1
hold	construct	1
hold	noninteg-redefin	2
hold	process	1
hold	note	2
hold	column	2
hold	expect	2
hold	assumpt	2
hold	begin	2
hold	valid	1
hold	packet-transmit	1
hold	fluid-polici-fluid	1
hold	fourth	1
hold	found	1
hold	assum	1
hold	nonanticip-track-algorithm	2
hold	similar	2
hold	transmiss-slot-packet	1
hold	base	1
hold	fact	1
hold	polici-track-finish	1
hold	part	1
hold	element	1
hold	theta-case	1
hold	necessarili	1
hold	contradict	1
hold	show	2
hold	slot	1
hold	polici-obtain-nonanticip	1
hold	fluid-polici-time	1
hold	fact-packet	2
hold	tize	1
hold	traffic	1
hold	properti	2
hold	begin-slot	2
hold	sincebffc	1
hold	singl-column-gammax	1
hold	impli-packet-complet	1
hold	creat	1
hold	track-polici-theta	1
hold	end-slot	1
hold	packet-polici-note	1
hold	polici	1
hold	relat-correct	1
hold	provid-nonanticip	1
effort	issu	1
effort	time-schedul-packet	2
effort	arriv-process	1
effort	packet	2
effort	traffic	2
effort	kind	2
effort	multiperiod-messag-tdma	1
effort	constant-rate	1
effort	instanc	2
effort	case	2
effort	network	2
effort	assign-session	2
effort	approach	1
effort	satellit-switch-rate	1
effort	slot	2
effort	control-servic-disciplin	1
singl-column-row	condit	2
singl-column-row	packet	2
singl-column-row	case	1
singl-column-row	column	1
singl-column-row	prove	1
singl-column-row	remain	1
singl-column-row	belong	2
singl-column-row	distinguish	1
singl-column-row	sincex	2
singl-column-row	note	2
singl-column-row	packet-consid	1
singl-column-row	perform-analysi	1
singl-column-row	traffic	2
singl-column-row	fact	2
singl-column-row	network	2
singl-column-row	show	2
singl-column-row	contradict	2
singl-column-row	slot	1
singl-column-row	directli	2
singl-column-row	conveni	1
singl-column-row	allow	2
singl-column-row	time-slot-note	2
singl-column-row	singl-column-gammax	2
singl-column-row	fluid	1
singl-column-row	paper	1
singl-column-row	schedul-polici-design	1
singl-column-row	port-port	1
singl-column-row	polici	2
guarante-servic	fluid-polici-track	1
guarante-servic	switch	1
guarante-servic	aggreg-traffic	1
guarante-servic	polici-extend	1
guarante-servic	tdma-satellit-switch	2
guarante-servic	network	2
guarante-servic	individu	2
guarante-servic	multiperiod-messag-exist	1
guarante-servic	special-case-theta	1
guarante-servic	node	1
guarante-servic	track-polici-prove	1
guarante-servic	pair	1
guarante-servic	flow	2
guarante-servic	conclus	1
guarante-servic	theta-switch-concept	1
guarante-servic	notion	1
guarante-servic	provid	4
guarante-servic	reflect	1
guarante-servic	session	1
guarante-servic	perflow	2
guarante-servic	packet-track-polici	1
guarante-servic	consist	1
guarante-servic	paper	1
guarante-servic	messag	1
guarante-servic	applic	2
input-port-assumpt	unit	2
input-port-assumpt	output	1
input-port-assumpt	packet	1
input-port-assumpt	serv-packet	1
input-port-assumpt	time-unit	1
input-port-assumpt	capac	1
input-port-assumpt	transfer-input-port	2
input-port-assumpt	output-port-assum	1
input-port-assumpt	length	1
input-port-assumpt	exist	2
input-port-assumpt	time	2
input-port-assumpt	equal	1
input-port-assumpt	slot	1
input-port-assumpt	queue	2
account	packet	2
account	easier	1
account	usag	1
account	case	2
account	time	1
account	fluid	1
account	assumpt	1
account	design-schedul-polici	1
account	model	1
account	instant	1
account	share	1
account	fluid-polici-assum	1
account	arriv	1
account	fraction	1
account	traffic	1
account	perform-analysi	1
account	treat	1
account	connect	1
account	link	1
account	network-resourc	1
account	understand	1
account	perform	1
account	inform	2
account	realist	2
account	connect-request	1
account	networkdesign	1
account	capac	1
account	import	1
account	arbitrari	1
account	applic	1
account	organ	2
account	effect-schedul-polici	1
scalabl	inform	2
scalabl	comput	1
scalabl	exchang	2
scalabl	main	2
scalabl	algorithm	2
scalabl	processor	1
scalabl	link-weight-match	1
scalabl	switch	2
scalabl	provid	1
scalabl	card	2
scalabl	link	1
scalabl	concern	2
scalabl	signal	2
scalabl	stage	1
scalabl	arbit	2
scalabl	requir	2
scalabl	weight-node-elig	1
scalabl	weight-link	1
scalabl	node	1
work	packet	1
work	line-rate	2
work	conjectur	1
work	case	1
work	gener-case-correct	1
work	altern	2
work	assumpt	1
work	output-queue-switch	3
work	schedul	1
work	period	2
work	size-switch	2
work	model-messag	3
work	arbit	1
work	sort	1
work	packet-output	1
work	rate-messag	1
work	complex	1
work	permit	2
work	switch-size	3
work	moder	2
work	scenario	2
work	set-messag	1
work	accept	2
work	speed	1
work	match	1
work	real	1
work	measur	1
work	subsequ-messag-integ	2
work	output	2
work	combin	1
work	gile-hajek	1
work	order	2
work	switch-fabric	2
work	output-port-queue	2
work	polici	2
work	unit	2
work	input-output-schedul	2
work	investig	1
work	heurist-simul-algorithm	2
work	tran	1
work	accommod	2
work	simul	1
work	theta-switch-input	1
work	appropri	2
work	provid-schedul	1
work	suffici	2
work	input-queue-attract	2
work	fluid-polici-prove	1
work	schedul-messag	1
work	base	1
work	pure	1
work	faster	2
work	perform	1
work	algorithm	2
work	number	2
work	limit	1
work	inukai	1
work	problem	1
work	capac	2
work	messag	3
work	input-output-queue	1
work	transfer-input-port	2
work	sequenc	1
work	time	2
work	switch	1
work	time-slot-input	1
work	transmit	1
work	unit-packet	1
work	number-packet-servic	1
work	trivial	1
work	import	1
work	increas	2
work	bandwidth	2
focu	path	2
focu	number	1
focu	altern	1
focu	node-path	1
focu	case	1
focu	vertex	1
focu	degre	1
remain	distinguish	2
remain	sincex	1
remain	fact	1
remain	note	1
remain	singl-column-gammax	1
remain	show	1
remain	case	4
remain	contradict	1
remain	noninteg	2
remain	subcas-relat	1
remain	column	2
remain	prove	2
algorithm-base	search-result-match	1
algorithm-base	algorithm-deriv	1
algorithm-base	optim-match-graph	1
algorithm-base	augment-path	2
algorithm-base	maximum-match-case	1
algorithm-base	free	1
algorithm-base	similar	2
algorithm-base	differ	1
algorithm-base	explor	2
algorithm-base	case	2
algorithm-base	maximum-match-algorithm	2
algorithm-base	node	1
algorithm-base	detect	1
algorithm-base	argument	1
design-packet-polici	track-fluid-polici	2
design-packet-polici	condit	1
design-packet-polici	design	1
design-packet-polici	fluid-polici-input	1
design-packet-polici	port-output-port	1
design-packet-polici	switch-provid	2
design-packet-polici	sens	1
design-packet-polici	packet-polici-resembl	1
design-packet-polici	total-amount	1
design-packet-polici	traffic-transfer	1
design-packet-polici	process	1
design-packet-polici	end-slot	1
design-packet-polici	packet-consid	1
design-packet-polici	perform-analysi	1
design-packet-polici	departur	1
design-packet-polici	fluid-polici-implement	1
design-packet-polici	algorithm	2
design-packet-polici	polici	1
design-packet-polici	analyz	1
design-packet-polici	fluid	1
design-packet-polici	paper	1
design-packet-polici	schedul-polici-design	1
design-packet-polici	conveni	1
purpos	question	1
purpos	precis	2
purpos	track-polici-exist	1
purpos	track-pol-ici	1
purpos	end-time-slot	2
purpos	fluid	2
purpos	packet-polici-latest	2
purpos	fluid-polici-packet	2
purpos	polici	2
purpos	definit-definit	2
connect-request	packet	1
connect-request	easier	2
connect-request	usag	2
connect-request	case	2
connect-request	capabl	1
connect-request	assumpt	2
connect-request	design-schedul-polici	2
connect-request	network	1
connect-request	model	2
connect-request	admit	2
connect-request	arriv	2
connect-request	base	2
connect-request	reject	2
connect-request	resourc	1
connect-request	perform-analysi	2
connect-request	analysi	2
connect-request	hand	1
connect-request	treat	2
connect-request	connect	2
connect-request	network-resourc	2
connect-request	understand	2
connect-request	perform	2
connect-request	inform	1
connect-request	realist	1
connect-request	traffic	2
connect-request	analyz	1
connect-request	networkdesign	2
connect-request	fluid	2
connect-request	import	2
connect-request	organ	1
connect-request	effect-schedul-polici	2
proof	criterion	2
proof	optim-match-graph	1
proof	result	4
proof	criterion-optim-base	1
proof	provid	1
proof	solut-problem	1
proof	case	1
proof	theta	1
proof	obtain-track	1
proof	edf-polici-singl	2
proof	recent	1
proof	fluid-polici-input	1
proof	subpermut-matric	2
proof	theta-switch-feasibl	1
proof	graph-base-summat	2
proof	switch	2
proof	schedul-polici-edf	1
proof	process	1
proof	track-polici-theta	1
proof	link	1
proof	permut	1
proof	prove-special-case	1
proof	tize	1
proof	straightforward	2
proof	schedul	1
proof	schedul-packet-deadlin	1
proof	begin-slot	1
proof	theorem	2
proof	prove	1
proof	notion	1
proof	found	1
proof	assum	1
proof	base	1
proof	fact	1
proof	show	1
proof	natur-extens	1
proof	arbitrari	1
proof	summat-criterion	1
proof	track-polici-show	1
proof	claim	2
proof	uneighbor	1
proof	slot	1
proof	suppos	2
proof	similar	2
proof	polici-fluid-pack	1
proof	track	1
proof	packet-polici-fact	1
proof	link-case	1
proof	polici	1
proof	traffic	1
proof	construct	3
proof	queue	1
control	alloc	2
control	packet	1
control	inukai-method	2
control	inukai	1
control	problem	2
control	lpm-unit-length	1
control	packet-insid-frame	2
control	period	1
control	messag	2
control	length	2
control	place	2
control	singl	1
control	attribut	1
control	origin	1
claim	link	1
claim	schedul-polici-edf	1
claim	result	2
claim	similar	2
claim	case	1
claim	link-case	1
claim	straightforward	2
claim	obtain-track	1
claim	edf-polici-singl	2
stream	packet	2
stream	model	1
stream	satellit-switch-input	1
stream	special-case-theta	1
stream	problem	2
stream	object-schedul-packet	2
stream	connect	2
stream	arriv-packet	1
stream	messag	1
stream	arriv	1
stream	period	2
stream	queue	1
satellit-switch-simul	algorithm	2
satellit-switch-simul	primari-result	1
satellit-switch-simul	heurist-simul-algorithmi	2
satellit-switch-simul	result	4
satellit-switch-simul	result-match	2
satellit-switch-simul	propos	1
satellit-switch-simul	schedul-multiperiod-tdma	2
satellit-switch-simul	heurist-simul-algorithm	1
satellit-switch-simul	match-algorithm	1
satellit-switch-simul	satellit-switch-provid	1
satellit-switch-simul	simul-result	1
satellit-switch-simul	schedul-time-slot	2
satellit-switch-simul	link-set	1
satellit-switch-simul	section-schedul-tdma	2
satellit-switch-simul	weight-node-critic	1
process	begin-slot	2
process	design	1
process	investig	1
process	stage	2
process	sens	2
process	fluid-polici-packet	1
process	packet-polici-resembl	2
process	packet-consid	1
process	subpermut-matric	2
process	approach-design-packet	1
process	construct	2
process	packet-time-slot	1
process	switch	2
process	note	1
process	permut	2
process	polici-call	1
process	divid	2
process	traffic	2
process	found	2
process	assum	2
process	base	2
process	perform-analysi	1
process	show	2
process	departur	2
process	least	1
process	critic-link-schedul	1
process	link	1
process	fluid-polici-implement	2
process	schedul	1
process	slot	2
process	conveni	1
process	track-pol-ici	1
process	analyz	2
process	critic-port	1
process	calcul	1
process	polici-fluid-pack	2
process	fluid	1
process	paper	1
process	schedul-polici-design	1
process	weight	1
process	tize	2
process	polici	1
packet-schedul	transact-network	1
packet-schedul	fluid-polici-track	2
packet-schedul	schedul-realtim-messag	1
packet-schedul	deadlin	3
packet-schedul	frame	2
packet-schedul	period-messag	2
packet-schedul	packetswitch-network	1
packet-schedul	jianyu	1
packet-schedul	time-frame	1
packet-schedul	time	1
packet-schedul	introduct	1
packet-schedul	integr-servic-network	1
packet-schedul	network	1
packet-schedul	induc	2
packet-schedul	queue-algorithm	1
packet-schedul	object-schedul-packet	1
packet-schedul	switch	2
packet-schedul	effici	1
packet-schedul	polici-satisfi	2
packet-schedul	xiaojun	1
packet-schedul	special-case-theta	1
packet-schedul	multipl	1
packet-schedul	distribut	1
packet-schedul	period	1
packet-schedul	lpm-unit-length	2
packet-schedul	insid	1
packet-schedul	inukai-method	2
packet-schedul	approach-flow-control	1
packet-schedul	node-case	1
packet-schedul	data	1
packet-schedul	set-messag	2
packet-schedul	gener-processor-share	1
packet-schedul	origin	1
packet-schedul	perform	1
packet-schedul	algorithm	1
packet-schedul	schedul	1
packet-schedul	analysi-simul-fair	1
packet-schedul	shen	1
packet-schedul	ieeeacm	1
packet-schedul	guarante	1
packet-schedul	system	1
packet-schedul	messag	1
packet-schedul	yong	1
packet-schedul	junzhou	1
packet-schedul	hardrealtim	1
packet-schedul	februari	1
packet-schedul	inputqueu	1
share	track-fluid-polici	1
share	packet	1
share	track-polici-exist	1
share	singl-link-case	1
share	effect-schedul-polici	1
share	posit	2
share	capac	2
share	answer	2
share	assump	1
share	tion	1
share	instant	2
share	fluid-polici-assum	2
share	singl	1
share	schedul	1
share	design-schedul-polici	1
share	critic-node-section	1
share	detect	2
share	question	1
share	precis	1
share	fraction	2
share	arbitrari	2
share	session	2
share	link	5
share	network-resourc	1
share	track-polici-loos	1
share	practic	1
share	perform	1
share	inform	1
share	noncrit-link	2
share	realist	1
share	analyz	1
share	applic	2
share	major	1
share	urgent-schedul	1
share	enabl	1
share	organ	1
share	case	2
share	definit	1
share	conveni	1
share	time	2
accept	percent	1
accept	number-packet-miss	1
accept	line-rate	2
accept	sequenc	1
accept	case	1
accept	impos	1
accept	altern	2
accept	moder	2
accept	accommod	1
accept	output-queue-switch	2
accept	switch-fabric	1
accept	toler	1
accept	deadlin-deadlin	1
accept	switch	1
accept	speed	1
accept	switch-size	2
accept	scenario	1
accept	delay	1
accept	input-queue-attract	2
accept	time-unit	1
accept	match	1
accept	size-switch	2
accept	suffici	2
accept	pure	1
accept	arbit	1
accept	faster	1
accept	perform	2
accept	output	1
accept	combin	1
accept	maximum	1
accept	limit	1
accept	order	1
accept	problem	1
accept	capac	2
accept	increas	2
accept	applic	2
accept	input-output-queue	1
accept	bandwidth	2
accept	time	1
high	packet	1
high	period-messag	1
high	suffer	2
high	delay	1
high	singl	1
high	attribut	1
high	assign	2
critic	condit	1
critic	packet-time-slot	1
critic	criterion	1
critic	illustr-simul-result	1
critic	optimum	1
critic	provid	1
critic	remov	2
critic	step	3
critic	arbitr	1
critic	state	2
critic	match-algorithm	1
critic	time	2
critic	critic-link-increas	1
critic	track-polici-implement	1
critic	deadlin	1
critic	link-critic-port	2
critic	note	1
critic	arbit	1
critic	equal	2
critic	critic-link-gener	1
critic	set-link	1
critic	critic-link-miss	1
critic	schedul	1
critic	schedul-packet-deadlin	1
critic	suffici	1
critic	detect	1
critic	gamma-time-slot	1
critic	base	1
critic	advanc	1
critic	simpl	1
critic	suffici-condit-port	2
critic	heurist-track-polici	1
critic	base-track	2
critic	elabor	2
critic	number-packet-time	2
critic	suffici-condit-word	1
critic	denot	2
critic	least	3
critic	time-slot-node	2
critic	link	6
critic	subsequ	2
critic	detect-critic	1
critic	vertex-weight	1
critic	critic-port	1
critic	miss	1
critic	elig	1
critic	packet-deadlin	2
critic	notion-port-track	1
critic	equal-node	2
critic	match	1
critic	problem	1
critic	critic-node-link	2
critic	miss-deadlin	2
critic	track	1
critic	gener-case-switch	1
minimum	configur	2
minimum	servic-configur	2
minimum	link	1
minimum	deadlin	2
minimum	backlog-packet	1
minimum	lexicograph	2
minimum	compon	2
minimum	natur-extens	1
minimum	case	1
minimum	schedul-polici-edf	2
minimum	polici-time-slot	2
minimum	slot	1
minimum	theta	1
minimum	definit	2
minimum	deadlin-vector	3
minimum	sort	2
minimum	vector	1
explor	search-result-match	1
explor	algorithm-deriv	1
explor	optim-match-graph	1
explor	augment-path	2
explor	maximum-match-case	1
explor	free	1
explor	similar	2
explor	differ	1
explor	case	2
explor	maximum-match-algorithm	2
explor	node	1
explor	detect	1
explor	argument	1
onlin	polici-obtain-nonanticip	2
onlin	polici-exist	1
onlin	implement	2
onlin	depend-futur-arriv	2
onlin	note	1
onlin	procedur	1
onlin	fluid-polici-packet	1
onlin	polici	1
onlin	shown-track	1
onlin	track	1
xiaojun	transact-network	1
xiaojun	schedul-realtim-messag	1
xiaojun	deadlin	1
xiaojun	packetswitch-network	1
xiaojun	effici	1
xiaojun	jianyu	1
xiaojun	introduct	1
xiaojun	integr-servic-network	1
xiaojun	network	1
xiaojun	queue-algorithm	1
xiaojun	switch	1
xiaojun	multipl	1
xiaojun	distribut	1
xiaojun	period	1
xiaojun	approach-flow-control	1
xiaojun	node-case	1
xiaojun	data	1
xiaojun	gener-processor-share	1
xiaojun	schedul	1
xiaojun	perform	1
xiaojun	algorithm	1
xiaojun	analysi-simul-fair	1
xiaojun	shen	1
xiaojun	ieeeacm	1
xiaojun	guarante	1
xiaojun	system	1
xiaojun	yong	1
xiaojun	junzhou	1
xiaojun	hardrealtim	1
xiaojun	februari	1
xiaojun	inputqueu	1
occur	mention	2
occur	path	2
occur	found	1
occur	node-step	1
occur	augment-path	1
occur	free	1
occur	node-smaller-weight	1
occur	vertex	1
occur	unsuccess	2
occur	success	1
occur	case	2
occur	start	1
occur	search	2
occur	node	1
occur	detect	1
result-simul	network	2
result-simul	tabl	4
result-simul	number-packet-latenc	2
result-simul	deadlin	1
result-simul	schedul-time-unit	1
result-simul	traffic	2
result-simul	switch	2
result-simul	percentag	1
result-simul	constant-rate	2
result-simul	packet	1
result-simul	concern	2
result-simul	shown	1
result-simul	applic	2
result-simul	schedul-work	2
result-simul	case	2
result-simul	schedul	3
result-simul	column	1
multipl	transact-network	1
multipl	schedul-realtim-messag	1
multipl	deadlin	1
multipl	packetswitch-network	1
multipl	effici	1
multipl	jianyu	1
multipl	case	1
multipl	introduct	1
multipl	integr-servic-network	2
multipl	network	1
multipl	queue-algorithm	1
multipl	switch	1
multipl	singl	1
multipl	node	1
multipl	period	1
multipl	approach-flow-control	2
multipl	node-case	2
multipl	data	1
multipl	gener-processor-share	2
multipl	distribut	1
multipl	perform	1
multipl	algorithm	1
multipl	schedul	1
multipl	analysi-simul-fair	1
multipl	shen	1
multipl	ieeeacm	1
multipl	guarante	1
multipl	system	1
multipl	yong	1
multipl	junzhou	1
multipl	hardrealtim	1
multipl	februari	1
multipl	inputqueu	1
straightforward	link	1
straightforward	schedul-polici-edf	1
straightforward	result	2
straightforward	similar	2
straightforward	link-case	1
straightforward	case	1
straightforward	obtain-track	1
straightforward	edf-polici-singl	2
divid	packet-time-slot	1
divid	critic-port	1
divid	critic-link-schedul	1
divid	switch	2
divid	calcul	1
divid	investig	1
divid	stage	2
divid	least	1
divid	link	1
divid	weight	1
divid	schedul	1
schedul-packet-deadlin	packet	1
schedul-packet-deadlin	link	1
schedul-packet-deadlin	deadlin	1
schedul-packet-deadlin	investig	1
schedul-packet-deadlin	input-queu-switch	1
schedul-packet-deadlin	construct	1
schedul-packet-deadlin	gener-case-theta	1
schedul-packet-deadlin	note	2
schedul-packet-deadlin	track-polici-show	1
schedul-packet-deadlin	schedul	2
schedul-packet-deadlin	miss-deadlin	1
schedul-packet-deadlin	gamma-time-slot	2
schedul-packet-deadlin	fact	1
schedul-packet-deadlin	show	1
schedul-packet-deadlin	natur-extens	2
schedul-packet-deadlin	time-slot-node	1
schedul-packet-deadlin	subsequ	1
schedul-packet-deadlin	node-node	1
schedul-packet-deadlin	miss	2
schedul-packet-deadlin	critic-node-link	1
satellit-switch-rate	packet	1
satellit-switch-rate	rate-link	1
satellit-switch-rate	kind	1
satellit-switch-rate	case	1
satellit-switch-rate	approach	2
satellit-switch-rate	deadlin-packet	1
satellit-switch-rate	network	1
satellit-switch-rate	model	1
satellit-switch-rate	instanc	2
satellit-switch-rate	arriv	1
satellit-switch-rate	control-servic-disciplin	2
satellit-switch-rate	time-schedul-packet	1
satellit-switch-rate	traffic	2
satellit-switch-rate	flow	1
satellit-switch-rate	base	1
satellit-switch-rate	multiperiod-messag-tdma	2
satellit-switch-rate	constant-rate	2
satellit-switch-rate	averag	1
satellit-switch-rate	arriv-process	2
satellit-switch-rate	slot	1
satellit-switch-rate	assign-session	2
satellit-switch-rate	backlog	1
degre	consist	1
degre	maximum-degre-vertex	1
degre	path	2
degre	loop	1
degre	vertex	2
degre	union	1
delay	track-fluid-polici	1
delay	packet	4
delay	deadlin	1
delay	conjectur	1
delay	time-frame	2
delay	impos	2
delay	provid-packet-polici	1
delay	constraint	2
delay	network	1
delay	delay-constraint	1
delay	philp	1
delay	toler	4
delay	object-schedul-packet	2
delay	provid-schedul	1
delay	period	3
delay	question	1
delay	applic	2
delay	loss	1
delay	fact	1
delay	measur	1
delay	translat	1
delay	arbit	2
delay	packet-polici-satisfi	1
delay	neglect	1
delay	perform	2
delay	miss-packet	1
delay	allow	1
delay	suppos	2
delay	packet-polici-constraint	1
delay	suffer	1
delay	probabl	1
delay	paramet	1
delay	common	1
delay	suffici-condit-schedul	1
delay	assign	1
packet-transmit	port-exceed	1
packet-transmit	packet	1
packet-transmit	transmiss	1
packet-transmit	number-packet-complet	1
packet-transmit	transmiss-packet	1
packet-transmit	serv-fcf-polici	2
packet-transmit	begin	1
packet-transmit	impli-packet-complet	2
packet-transmit	fluid-polici-fluid	1
packet-transmit	transmiss-slot-packet	2
packet-transmit	part	2
packet-transmit	polici-feasibl	1
packet-transmit	transmiss-input-output	1
packet-transmit	fact-packet	2
packet-transmit	polici	2
packet-transmit	fluid	1
packet-transmit	necessarili	2
packet-transmit	end-slot	2
gamma-time-slot	begin	2
gamma-time-slot	deadlin	2
gamma-time-slot	suppos	2
gamma-time-slot	critic-port	1
gamma-time-slot	link-critic-port	1
gamma-time-slot	miss	2
gamma-time-slot	note	2
gamma-time-slot	futur	1
gamma-time-slot	packet	2
gamma-time-slot	time-slot-node	1
gamma-time-slot	link	1
gamma-time-slot	node-node	2
gamma-time-slot	subsequ	1
gamma-time-slot	critic-node-link	1
gamma-time-slot	miss-deadlin	2
time-schedul-packet	packet	2
time-schedul-packet	return	2
time-schedul-packet	kind	2
time-schedul-packet	case	2
time-schedul-packet	approach	1
time-schedul-packet	network	2
time-schedul-packet	arriv-process	1
time-schedul-packet	packet-packet	1
time-schedul-packet	time-stamp	2
time-schedul-packet	switch	2
time-schedul-packet	instanc	3
time-schedul-packet	arriv	1
time-schedul-packet	assign-session	2
time-schedul-packet	traffic	2
time-schedul-packet	fact	1
time-schedul-packet	multiperiod-messag-tdma	1
time-schedul-packet	constant-rate	1
time-schedul-packet	neglect	1
time-schedul-packet	slot	2
time-schedul-packet	issu	2
time-schedul-packet	miss-packet	1
time-schedul-packet	allow	1
time-schedul-packet	suppos	1
time-schedul-packet	packet-deadlin	1
time-schedul-packet	size	1
time-schedul-packet	import	1
time-schedul-packet	control-servic-disciplin	1
time-schedul-packet	applic	1
fluid-polici-fluid	fact-packet	1
fluid-polici-fluid	packet	1
fluid-polici-fluid	serv-fcf-polici	1
fluid-polici-fluid	transmiss-slot-packet	1
fluid-polici-fluid	necessarili	1
fluid-polici-fluid	polici-feasibl	1
fluid-polici-fluid	impli-packet-complet	1
fluid-polici-fluid	part	1
fluid-polici-fluid	begin	1
fluid-polici-fluid	transmiss-packet	1
fluid-polici-fluid	polici	1
fluid-polici-fluid	end-slot	1
fourth	sincebffc	2
fourth	hencex	1
fourth	case	2
fourth	relat-correct	2
reject	easier	1
reject	usag	1
reject	case	1
reject	capabl	1
reject	assumpt	1
reject	design-schedul-polici	1
reject	network	1
reject	model	1
reject	admit	2
reject	arriv	1
reject	base	2
reject	resourc	1
reject	perform-analysi	1
reject	analysi	2
reject	hand	1
reject	treat	1
reject	connect	1
reject	network-resourc	1
reject	understand	1
reject	perform	1
reject	traffic	1
reject	analyz	1
reject	networkdesign	1
reject	fluid	1
reject	import	1
reject	effect-schedul-polici	1
answer	question	1
answer	track-polici-exist	1
answer	singl-link-case	1
answer	case	1
answer	session	2
answer	link	1
answer	singl	1
answer	posit	2
simpl	extens-edf	2
simpl	illustr-simul-result	2
simpl	provid	2
simpl	theta-switch-polici	1
simpl	schedul-algorithm-base	2
simpl	theta	1
simpl	obtain-track	1
simpl	approach	1
simpl	main	1
simpl	mention	1
simpl	poli-cie	1
simpl	problem-solv	1
simpl	track-polici-implement	2
simpl	switch	1
simpl	deadlin-schedul	1
simpl	design-track	1
simpl	admiss	1
simpl	weight-node-elig	1
simpl	algorithm	4
simpl	link-arbit	1
simpl	base-track	1
simpl	elabor	1
simpl	basic	1
simpl	link	2
simpl	base	1
simpl	schedul	1
simpl	polici-convert	1
simpl	inform	1
simpl	order	1
simpl	problem	1
simpl	exist	1
simpl	final	2
schedul-packet-dead	question	1
schedul-packet-dead	suppos	1
schedul-packet-dead	switch-open	1
schedul-packet-dead	packet-packet	1
schedul-packet-dead	track-polici-convert	2
schedul-packet-dead	schedul-problem	2
schedul-packet-dead	time	1
schedul-packet-dead	exist-track-polici	1
schedul-packet-dead	search	2
updat	eventu	2
updat	column-row	2
updat	case	1
updat	continu	2
updat	argument	1
updat	rest	2
updat	note	1
updat	procedur	1
updat	fashion	2
updat	algorithm	1
updat	noninteg	1
updat	uneighbor	2
updat	show-hold	1
updat	order	1
updat	creat	1
updat	polici	1
updat	track	1
backlog-packet	servic-configur	1
backlog-packet	deadlin	1
backlog-packet	compon	1
backlog-packet	link	1
backlog-packet	sort	1
backlog-packet	slot	1
backlog-packet	deadlin-vector	1
subcas	correct	2
subcas	distinguish	2
subcas	differ	2
subcas	conclud	2
subcas	subcas-relat	2
resourc	schedul-algorithm-switch	1
resourc	network	2
resourc	analyz	2
resourc	determin	1
resourc	base	1
resourc	switch	1
resourc	analysi	1
resourc	hand	2
resourc	characterist	1
resourc	pattern	1
resourc	admit	1
resourc	requir	1
resourc	applic	1
resourc	capabl	2
resourc	delay-jitter	1
resourc	incom	1
resourc	traffic	1
fluid-polici-arriv	time-slot-packet	2
fluid-polici-arriv	packet	2
fluid-polici-arriv	time-slot-assum	1
fluid-polici-arriv	assum	2
fluid-polici-arriv	schedul-time-slot	2
fluid-polici-arriv	loss	1
fluid-polici-arriv	packet-polici-end	1
fluid-polici-arriv	subpermut-matric	1
fluid-polici-arriv	take	2
fluid-polici-arriv	polici-least	1
fluid-polici-arriv	link	2
fluid-polici-arriv	packet-higher-prioriti	2
fluid-polici-arriv	time-slot-clear	2
fluid-polici-arriv	higher-prioriti	2
fluid-polici-arriv	polici	1
fluid-polici-arriv	track-polici-select	1
fluid-polici-arriv	miss-deadlin	1
polici-track-finish	fact-packet	2
polici-track-finish	packet	1
polici-track-finish	fluid-polici-time	2
polici-track-finish	transmiss	1
polici-track-finish	note	1
polici-track-finish	fluid-polici-start	2
polici-track-finish	packet-polici-note	1
polici-track-finish	begin	1
polici-track-finish	definit	1
polici-track-finish	transmiss-packet	2
theta-switch-notion	achiev	2
theta-switch-notion	packet	1
theta-switch-notion	backlog	1
theta-switch-notion	singl-link-singl	1
theta-switch-notion	packet-deadlin	1
theta-switch-notion	show	2
theta-switch-notion	polici-satisfi	1
theta-switch-notion	effect	2
theta-switch-notion	link	2
theta-switch-notion	slot	1
packet-polici-serv	complet-transmiss-slot	1
packet-polici-serv	leftmost	1
packet-polici-serv	number-packet-complet	1
packet-polici-serv	port-serv-fcf	1
packet-polici-serv	polici-least	1
packet-polici-serv	end-slot	1
packet-polici-serv	output-port-fluid	1
packet-polici-serv	transmiss-input-port	1
packet-polici-serv	switch	2
packet-polici-serv	note	2
packet-polici-serv	packet-complet-transmiss	1
packet-polici-serv	ensur	1
packet-polici-serv	realiz	2
packet-polici-serv	slot-packet-polici	1
packet-polici-serv	transmiss-input-output	1
packet-polici-serv	port-packet-polici	1
packet-polici-serv	fact-packet	1
packet-polici-serv	pol-ici	1
packet-polici-serv	fluid	1
packet-polici-serv	polici-impli-packet	1
reflect	servic-flow-fluid	1
reflect	packet-polici-track	1
reflect	individu	1
reflect	provid	1
reflect	packet-track-polici	2
reflect	specif	1
reflect	perflow	1
reflect	polici	1
reflect	flow	1
slot-packet-transmiss	assumpt	1
slot-packet-transmiss	transmiss	1
slot-packet-transmiss	output-port-packet	1
slot-packet-transmiss	transmit	1
slot-packet-transmiss	time-slot-input	1
slot-packet-transmiss	port-port	1
slot-packet-transmiss	slot	1
critic-link-employ	reli	1
critic-link-employ	heurist-track-polici	1
critic-link-employ	show	1
critic-link-employ	notion-port-track	1
critic-link-employ	simul-result	1
critic-link-employ	heurist-algorithm-basic	1
natur-extens	deadlin	1
natur-extens	investig	1
natur-extens	sequenc	1
natur-extens	case	1
natur-extens	schedul-polici-edf	1
natur-extens	input-queu-switch	1
natur-extens	theta	1
natur-extens	construct	1
natur-extens	gener-case-theta	1
natur-extens	polici-time-slot	1
natur-extens	schedul	2
natur-extens	fact	1
natur-extens	show	1
natur-extens	theta-case	1
natur-extens	track-polici-show	1
natur-extens	configur	1
natur-extens	suppos	1
natur-extens	lexicograph	1
natur-extens	packet-deadlin	1
natur-extens	definit	1
natur-extens	deadlin-vector	1
data	transact-network	1
data	schedul-realtim-messag	1
data	deadlin	1
data	packetswitch-network	1
data	effici	1
data	jianyu	1
data	introduct	1
data	integr-servic-network	1
data	network	1
data	queue-algorithm	1
data	switch	1
data	distribut	1
data	period	1
data	approach-flow-control	1
data	node-case	1
data	gener-processor-share	1
data	schedul	1
data	perform	1
data	algorithm	1
data	analysi-simul-fair	1
data	shen	1
data	ieeeacm	1
data	guarante	1
data	system	1
data	yong	1
data	junzhou	1
data	hardrealtim	1
data	februari	1
data	inputqueu	1
parallel	critic-port	1
parallel	weight	1
parallel	processor	1
parallel	provid	1
parallel	investig	1
parallel	interact	2
parallel	comput	2
parallel	link	1
parallel	stage	2
parallel	arbit	1
parallel	weight-node-elig	1
parallel	node	1
parallel	calcul	1
averag	deadlin	1
averag	futur	1
averag	futur-arriv	1
averag	fluid-polici-depend	1
averag	experi	2
averag	approach	1
averag	deadlin-packet	2
averag	critic-node-inspect	1
averag	rate-link	2
averag	model	2
averag	instanc	2
averag	node	1
averag	arriv	2
averag	control-servic-disciplin	1
averag	traffic	2
averag	advanc	1
averag	flow	2
averag	base	3
averag	multiperiod-messag-tdma	1
averag	constant-rate	2
averag	messagesar	1
averag	arriv-process	1
averag	assign-session	1
averag	backlog	2
averag	nonanticip	1
network-resourc	track-fluid-polici	1
network-resourc	packet	1
network-resourc	easier	2
network-resourc	usag	2
network-resourc	assumpt	2
network-resourc	sens	1
network-resourc	networkdesign	2
network-resourc	fluid	2
network-resourc	packet-polici-resembl	1
network-resourc	capac	1
network-resourc	design-schedul-polici	4
network-resourc	assump	2
network-resourc	approach-design-packet	1
network-resourc	tion	2
network-resourc	instant	1
network-resourc	fluid-polici-assum	1
network-resourc	admit	1
network-resourc	arriv	2
network-resourc	fluid-polici-deriv	1
network-resourc	traffic	2
network-resourc	applic	1
network-resourc	fraction	1
network-resourc	base	1
network-resourc	perform-analysi	2
network-resourc	analysi	1
network-resourc	treat	2
network-resourc	connect	2
network-resourc	link	1
network-resourc	practic	2
network-resourc	find	1
network-resourc	understand	2
network-resourc	perform	4
network-resourc	inform	1
network-resourc	conveni	2
network-resourc	realist	1
network-resourc	model	2
network-resourc	analyz	2
network-resourc	case	2
network-resourc	major	2
network-resourc	import	2
network-resourc	arbitrari	1
network-resourc	enabl	2
network-resourc	organ	1
network-resourc	effect-schedul-polici	4
network-resourc	polici	1
network-resourc	time	1
subsequ	condit	1
subsequ	denot	1
subsequ	link	1
subsequ	suffici-condit-port	1
subsequ	miss	1
subsequ	packet-deadlin	1
subsequ	note	1
subsequ	equal	1
subsequ	critic-link-gener	1
subsequ	least	1
subsequ	state	1
subsequ	time-slot-node	2
subsequ	time	1
subsequ	critic-node-link	2
subsequ	suffici	1
subsequ	miss-deadlin	2
circumst	track-fluid-polici	2
circumst	function	1
circumst	theta	1
circumst	input-port-output	1
circumst	flow	1
circumst	transmiss-input-port	1
circumst	schedul	1
circumst	arriv	1
circumst	pair	1
circumst	advanc	1
circumst	packet-polici-track	1
circumst	traffic	1
circumst	show	1
circumst	schedul-matrix	1
circumst	basic	1
circumst	session	1
circumst	arriv-process	1
circumst	node	1
circumst	perfectli	2
circumst	consist	1
circumst	output-port-function	1
circumst	nonanticip	1
circumst	back	1
circumst	aggreg-traffic	2
circumst	time	1
essenti	condit	1
essenti	greater	2
essenti	provid	1
essenti	remov	1
essenti	review	1
essenti	approach	2
essenti	consid	2
essenti	mention	1
essenti	weight	2
essenti	equival	1
essenti	switch	2
essenti	hard	1
essenti	messag-tdma-satellit	2
essenti	explain	1
essenti	input-queue-schedul	2
essenti	schedul	2
essenti	theta-switch-track	1
essenti	match	1
essenti	includ	1
essenti	elabor	1
essenti	show	3
essenti	track	1
essenti	higher-prioriti	1
essenti	special-case-pose	2
essenti	find	1
essenti	node	2
essenti	exclud	1
essenti	algorithm	1
essenti	polici-exist	1
essenti	problem	2
essenti	section-show	1
essenti	fluid	1
essenti	track-poli-cie	1
essenti	polici	1
essenti	tion	1
essenti	provid-nonanticip	1
practic	track-fluid-polici	1
practic	sens	1
practic	time	1
practic	packet-polici-resembl	1
practic	capac	1
practic	design-schedul-polici	2
practic	assump	2
practic	approach-design-packet	1
practic	tion	2
practic	instant	1
practic	fluid-polici-assum	1
practic	fluid-polici-deriv	1
practic	enabl	2
practic	fraction	1
practic	arbitrari	1
practic	link	1
practic	find	1
practic	perform	2
practic	polici	1
practic	analyz	2
practic	major	2
practic	applic	1
practic	effect-schedul-polici	2
practic	conveni	2
detect-critic	quat	2
detect-critic	deadlin	2
detect-critic	critic-link-miss	2
detect-critic	complex	2
detect-critic	link-increas	2
detect-critic	remov	1
detect-critic	link-critic-port	1
detect-critic	tradeoff	2
detect-critic	time-slot-futur	2
detect-critic	node	2
detect-critic	found	2
detect-critic	periment	2
detect-critic	base	2
detect-critic	fact	2
detect-critic	issu	1
detect-critic	algorithm	2
detect-critic	number	2
detect-critic	help	2
detect-critic	increas	2
link-set	algorithm	2
link-set	match	1
link-set	section-schedul-tdma	1
link-set	weight-node-critic	2
link-set	result	1
link-set	result-match	1
link-set	match-algorithm	1
link-set	schedul-time-slot	1
correspond	time-unit	1
correspond	packet	1
correspond	percent	1
correspond	maximum	1
correspond	number-packet-miss	1
correspond	deadlin-deadlin	1
correspond	switch	1
correspond	size	1
correspond	percentag	1
correspond	case	1
correspond	shown	1
correspond	switch-size	1
correspond	column	1
exclud	base-node-weight	1
exclud	match	2
exclud	node	2
exclud	weight	1
exclud	greater	1
exclud	remov	2
exclud	consid	1
exclud	includ	2
exclud	higher-prioriti	2
exclud	node-priorit	1
exclud	approach	1
exclud	schedul	1
exclud	node-greater-weight	1
issu	packet	1
issu	main	2
issu	return	1
issu	kind	1
issu	provid	2
issu	design	2
issu	case	1
issu	introduct	2
issu	integr-servic-network	2
issu	slot	1
issu	simul-result	1
issu	degrad	1
issu	justifi	2
issu	network	2
issu	perfect-track-polici	1
issu	heurist-algorithm-propos	1
issu	switch	1
issu	time-slot-futur	1
issu	good-perfect-perform	2
issu	instanc	1
issu	shown	1
issu	calculu-network-delay	1
issu	node	1
issu	complex	2
issu	heurist-algorithm-basic	1
issu	size-switch	1
issu	applic	2
issu	reli	1
issu	heurist-track-polici	2
issu	traffic	1
issu	fact	2
issu	show	1
issu	translat	1
issu	rang	2
issu	assign-session	1
issu	perform	2
issu	number	1
issu	servic	2
issu	size	1
issu	import	2
issu	increas	1
issu	requir	2
issu	paramet	1
issu	broad	2
inform	exchang	4
inform	main	2
inform	easier	1
inform	futur	1
inform	usag	1
inform	futur-arriv	2
inform	packet	2
inform	effect-schedul-polici	1
inform	schedul-algorithm-base	1
inform	stage	1
inform	link	4
inform	fluid	1
inform	weight-link	2
inform	approach	2
inform	import	1
inform	processor	1
inform	instant	1
inform	switch	2
inform	note	2
inform	fluid-polici-assum	1
inform	concern	2
inform	assumpt	2
inform	chang	1
inform	link-weight-match	2
inform	crucial	2
inform	weight-node-elig	3
inform	design-schedul-polici	1
inform	departur-order-packet	1
inform	correct	1
inform	comput	1
inform	assum	1
inform	fraction	1
inform	link-arbit	2
inform	traffic	1
inform	perform-analysi	1
inform	provid	2
inform	card	2
inform	treat	1
inform	connect	1
inform	signal	2
inform	arbit	3
inform	arbitrari	1
inform	schedul	2
inform	understand	1
inform	perform	1
inform	algorithm	3
inform	arriv	2
inform	realist	2
inform	model	1
inform	node	1
inform	order	3
inform	base-assumpt	1
inform	calcul	1
inform	networkdesign	1
inform	capac	1
inform	requir	2
inform	applic	1
inform	organ	2
inform	departur-order-obtain	1
inform	case	2
inform	final	1
inform	order-packet-departur	2
inform	time	3
noncrit-link	track-fluid-polici	1
noncrit-link	exceed	1
noncrit-link	definit	1
noncrit-link	increas-weight-critic	1
noncrit-link	critic-node-section	1
noncrit-link	urgent-schedul	1
noncrit-link	remov	2
noncrit-link	link	4
noncrit-link	track-polici-loos	1
noncrit-link	schedul	1
noncrit-link	precis	1
noncrit-link	detect	2
maintain	packet	1
maintain	number	1
maintain	schedul-messag	2
maintain	complex	1
maintain	latenc-packet	1
maintain	consid	1
maintain	input-output-edf	2
maintain	import	1
maintain	messag	1
maintain	input-port-packet	1
maintain	arbit	1
maintain	schedul-period	1
maintain	schedul	2
maintain	arriv	1
maintain	interv	1
maintain	time	1
combin	line-rate	1
combin	pattern	1
combin	sequenc	2
combin	switch-size	1
combin	altern	1
combin	moder	1
combin	output-queue-switch	2
combin	switch	2
combin	speed	2
combin	shown	1
combin	suffici	2
combin	input-queue-attract	1
combin	match	2
combin	size-switch	1
combin	fact	1
combin	pure	2
combin	output	2
combin	limit	2
combin	problem	2
combin	capac	1
combin	increas	1
combin	input-output-queue	2
combin	bandwidth	1
allow	condit	2
allow	packet	3
allow	return	1
allow	impos	1
allow	network	2
allow	deadlin	1
allow	toler	1
allow	packet-consid	1
allow	perform-analysi	1
allow	traffic	2
allow	fact	2
allow	belong	2
allow	miss-packet	2
allow	arbit	1
allow	neglect	2
allow	slot	1
allow	directli	2
allow	conveni	1
allow	time-slot-note	2
allow	packet-deadlin	1
allow	fluid	1
allow	paper	1
allow	schedul-polici-design	1
allow	applic	2
allow	port-port	1
allow	polici	2
analysi-simul-fair	transact-network	1
analysi-simul-fair	schedul-realtim-messag	1
analysi-simul-fair	deadlin	1
analysi-simul-fair	packetswitch-network	1
analysi-simul-fair	effici	1
analysi-simul-fair	optim	1
analysi-simul-fair	jianyu	1
analysi-simul-fair	introduct	1
analysi-simul-fair	integr-servic-network	1
analysi-simul-fair	network	1
analysi-simul-fair	queue-algorithm	2
analysi-simul-fair	switch	1
analysi-simul-fair	multiplex	1
analysi-simul-fair	calculu-network-delay	1
analysi-simul-fair	distribut	1
analysi-simul-fair	buffer	1
analysi-simul-fair	period	1
analysi-simul-fair	approach-flow-control	1
analysi-simul-fair	singl-link-delay	1
analysi-simul-fair	node-case	1
analysi-simul-fair	gener-processor-share	1
analysi-simul-fair	schedul	1
analysi-simul-fair	perform	1
analysi-simul-fair	algorithm	2
analysi-simul-fair	shen	1
analysi-simul-fair	ieeeacm	1
analysi-simul-fair	guarante	1
analysi-simul-fair	system	1
analysi-simul-fair	requir	1
analysi-simul-fair	yong	1
analysi-simul-fair	junzhou	1
analysi-simul-fair	hardrealtim	1
analysi-simul-fair	februari	1
analysi-simul-fair	inputqueu	1
analysi-simul-fair	queue	1
switch-tdma-satellit	schedul-tdma-satellit	2
switch-tdma-satellit	inukai	1
switch-tdma-satellit	base	1
switch-tdma-satellit	switch	2
switch-tdma-satellit	potenti	2
switch-tdma-satellit	convent	1
switch-tdma-satellit	schedul	1
switch-tdma-satellit	multiperiod-tdma-satellit	2
critic-port	packet	1
critic-port	criterion	2
critic-port	investig	2
critic-port	switch	1
critic-port	comput	1
critic-port	futur	2
critic-port	case	1
critic-port	state	1
critic-port	stage	2
critic-port	time	1
critic-port	track-polici-deadlin	1
critic-port	weight	2
critic-port	switch-fluid-polici	1
critic-port	end-time-slot	1
critic-port	equal	2
critic-port	begin	1
critic-port	detect	2
critic-port	advanc	2
critic-port	suffici-condit-port	1
critic-port	suffici-condit-word	1
critic-port	least	1
critic-port	schedul	1
critic-port	suppos	1
critic-port	packet-deadlin	1
critic-port	calcul	2
critic-port	interact	1
critic-port	link-critic-port	2
critic-port	miss-deadlin	2
critic-port	denot	1
order	exchang	2
order	link	2
order	line-rate	1
order	provid	1
order	column-row	1
order	case	2
order	schedul-algorithm-base	1
order	continu	1
order	approach	2
order	altern	1
order	moder	1
order	argument	2
order	eventu	1
order	output-queue-switch	2
order	switch-fabric	2
order	switch-size	1
order	rest	1
order	note	2
order	theta-switch-input	1
order	link-weight-match	1
order	weight-node-elig	2
order	accommod	2
order	input-queue-attract	1
order	fashion	1
order	size-switch	1
order	link-arbit	2
order	weight-link	1
order	noninteg	2
order	time	2
order	arbit	1
order	uneighbor	1
order	faster	2
order	show-hold	2
order	scenario	2
order	suffici	1
order	packet-output	1
order	capac	1
order	increas	1
order	bandwidth	1
order	final	1
order	algorithm	1
pol-ici	complet-transmiss-slot	2
pol-ici	track-fluid-polici	1
pol-ici	packet	1
pol-ici	number-packet-complet	2
pol-ici	solut-problem	1
pol-ici	singl-link-case	1
pol-ici	polici-least	2
pol-ici	fluid	2
pol-ici	matrix-schedul	1
pol-ici	obtain-track	1
pol-ici	edf-polici-singl	1
pol-ici	subpermut-matric	1
pol-ici	output-port-fluid	2
pol-ici	transmiss-input-port	2
pol-ici	time-slot-deadlin	1
pol-ici	switch	1
pol-ici	note	1
pol-ici	end-time-slot	1
pol-ici	packet-complet-transmiss	2
pol-ici	packet-slot	1
pol-ici	found	1
pol-ici	realiz	1
pol-ici	link-case	1
pol-ici	slot-packet-polici	2
pol-ici	leftmost	2
pol-ici	transmiss-input-output	2
pol-ici	fact-packet	2
pol-ici	port-serv-fcf	2
pol-ici	port-packet-polici	2
pol-ici	packet-polici-subpermut	1
pol-ici	polici	1
pol-ici	end-slot	2
pol-ici	polici-impli-packet	2
elig	vertex-weight	1
elig	track-fluid-polici	1
elig	optimum	1
elig	urgent-schedul	1
elig	problem	2
elig	base	1
elig	step	1
elig	critic-link-critic	1
elig	match	1
elig	set-link	2
elig	link	2
elig	match-algorithm	1
elig	arbit	1
elig	track-polici-loos	1
elig	schedul	1
elig	track	2
help	quat	1
help	link-increas	2
help	found	1
help	deadlin	1
help	periment	1
help	algorithm	2
help	critic-link-miss	1
help	complex	2
help	base	1
help	fact	2
help	tradeoff	2
help	increas	2
output-port-packet	assumpt	1
output-port-packet	transmiss	1
output-port-packet	transmit	1
output-port-packet	time-slot-input	1
output-port-packet	port-port	1
output-port-packet	slot	1
track-polici-previou	mention	1
track-polici-previou	problem-solv	1
track-polici-previou	polici-exist	1
track-polici-previou	problem	1
track-polici-previou	polici-convert	1
track-polici-previou	procedur	1
track-polici-previou	fluid-polici-packet	1
track-polici-previou	obtain-track	1
track-polici-previou	deadlin-schedul	1
track-polici-previou	shown-track	1
major	track-fluid-polici	1
major	sens	1
major	time	1
major	packet-polici-resembl	1
major	design-schedul-polici	2
major	assump	2
major	approach-design-packet	1
major	tion	2
major	instant	1
major	fluid-polici-assum	1
major	fluid-polici-deriv	1
major	enabl	2
major	fraction	1
major	arbitrari	1
major	link	1
major	find	1
major	perform	2
major	conveni	2
major	analyz	2
major	capac	1
major	applic	1
major	effect-schedul-polici	2
major	polici	1
paper	fluid-polici-track	2
paper	subject	2
paper	theta-switch-concentr	1
paper	review	1
paper	theta	1
paper	output-queue-switch	1
paper	tion	1
paper	equal	2
paper	schedul	1
paper	switch-open	1
paper	theta-switch-concept	1
paper	perform-analysi	2
paper	arbit	1
paper	packet	1
paper	track-poli-cie	1
paper	applic	1
paper	port-exceed	1
paper	design	1
paper	belong	1
paper	size	2
paper	polici-extend	2
paper	tdma-satellit-switch	1
paper	fluid-polici-organ	1
paper	speed	1
paper	packet-consid	4
paper	traffic	1
paper	elabor	1
paper	input-queue-switch	2
paper	total-servic-rate	1
paper	schedul-polici-design	2
paper	polici	2
paper	condit	2
paper	main	2
paper	packet-polici-resembl	1
paper	explain	1
paper	research	1
paper	time-unit	2
paper	packet-polici-tract	1
paper	departur	1
paper	fairli	1
paper	directli	1
paper	time-slot-note	1
paper	servic-packet	2
paper	problem	1
paper	schedul-algorithm-propos	1
paper	capac	1
paper	messag	1
paper	exist	1
paper	output-input-port	1
paper	conveni	2
paper	provid	2
paper	polici-input-queue	1
paper	sens	1
paper	conclus	2
paper	problem-solv	1
paper	switch	3
paper	time-slot-input	1
paper	messag-tdma-satellit	1
paper	notion	2
paper	network	2
paper	fluid-polici-implement	1
paper	output-port-connect	1
paper	analyz	1
paper	fluid	3
paper	requir	1
paper	receiv	1
paper	organ	1
output-port-queue	output	1
output-port-queue	polici	1
output-port-queue	number	1
output-port-queue	real	1
output-port-queue	measur	1
output-port-queue	time-slot-input	1
output-port-queue	transfer-input-port	2
output-port-queue	transmit	1
output-port-queue	permit	2
output-port-queue	unit	2
output-port-queue	unit-packet	1
output-port-queue	tran	1
output-port-queue	assumpt	1
left	criterion	2
left	posit-weight	1
left	attempt	2
left	weight	1
left	propos	1
left	weight-vertex	1
left	weight-link	1
left	vertex-weight	1
left	optim	2
left	reduc	1
left	match	2
left	weight-node-match	2
left	function	2
left	schedul	1
left	show	1
left	lessen	1
input-queue-switch	track-fluid-polici	2
input-queue-switch	port-exceed	1
input-queue-switch	fluid-polici-input	1
input-queue-switch	queue-switch	1
input-queue-switch	schedul-algorithm-propos	1
input-queue-switch	singl-link-case	1
input-queue-switch	output-input-port	1
input-queue-switch	equal	2
input-queue-switch	consid	1
input-queue-switch	extend	2
input-queue-switch	track-polici-suggest	1
input-queue-switch	switch	2
input-queue-switch	time-slot-input	1
input-queue-switch	speed	1
input-queue-switch	schedul	2
input-queue-switch	total-servic-rate	1
input-queue-switch	question	1
input-queue-switch	packet-consid	2
input-queue-switch	switch-open	1
input-queue-switch	time-unit	2
input-queue-switch	speedup	1
input-queue-switch	fairli	1
input-queue-switch	arbit	1
input-queue-switch	multioutput	2
input-queue-switch	output-port-connect	1
input-queue-switch	servic-packet	2
input-queue-switch	size	2
input-queue-switch	capac	1
input-queue-switch	requir	1
input-queue-switch	receiv	1
input-queue-switch	exist-track-polici	1
suffer	packet	1
suffer	period-messag	1
suffer	singl	1
suffer	attribut	1
suffer	assign	2
track-polici-establish	track-fluid-polici	1
track-polici-establish	fluid-polici-deriv	1
track-polici-establish	track-polici-suggest	1
track-polici-establish	approach-design-packet	1
track-polici-establish	analyz	1
track-polici-establish	fact	2
track-polici-establish	effici	1
track-polici-establish	singl-link-case	2
track-polici-establish	sens	1
track-polici-establish	packet-polici-resembl	1
track-polici-establish	polici	1
track-polici-establish	find	1
track-polici-establish	exist-packet	2
track-polici-establish	track-polici-perform	1
paramet	packet	1
paramet	main	1
paramet	provid	1
paramet	design	1
paramet	introduct	1
paramet	integr-servic-network	1
paramet	network	2
paramet	perform	2
paramet	loss	1
paramet	measur	1
paramet	translat	2
paramet	rang	1
paramet	servic	1
paramet	requir	1
paramet	applic	1
paramet	broad	1
paramet	common	1
paramet	probabl	1
link-case	edf-polici-singl	2
link-case	result	1
link-case	similar	1
link-case	end-time-slot	1
link-case	singl-link-case	1
link-case	packet	1
link-case	time-slot-deadlin	1
link-case	obtain-track	2
link-case	polici	1
exist-track-polici	result	1
exist-track-polici	track-critic-node	1
exist-track-polici	special-case-theta	2
exist-track-polici	provid	1
exist-track-polici	conjectur	2
exist-track-polici	theta	3
exist-track-polici	extend	1
exist-track-polici	track-polici-convert	1
exist-track-polici	switch-open	2
exist-track-polici	packet-polici-section	1
exist-track-polici	switch	2
exist-track-polici	prove-special-case	2
exist-track-polici	track-polici-port	1
exist-track-polici	schedul	1
exist-track-polici	valid	1
exist-track-polici	question	3
exist-track-polici	correct	1
exist-track-polici	base	1
exist-track-polici	fluid-polici-prove	1
exist-track-polici	notion	1
exist-track-polici	show	1
exist-track-polici	measur	1
exist-track-polici	trivial	1
exist-track-polici	search	1
exist-track-polici	algorithm	1
exist-track-polici	multioutput	1
exist-track-polici	section-show	1
exist-track-polici	track-polici-exist	1
exist-track-polici	schedul-problem	1
exist-track-polici	import	1
exist-track-polici	confirm	1
exist-track-polici	special-case-heurist	1
critic-node-link	condit	1
critic-node-link	denot	1
critic-node-link	link	1
critic-node-link	suffici-condit-port	1
critic-node-link	miss	1
critic-node-link	packet-deadlin	1
critic-node-link	note	1
critic-node-link	equal	1
critic-node-link	critic-link-gener	1
critic-node-link	least	1
critic-node-link	state	1
critic-node-link	time-slot-node	2
critic-node-link	time	1
critic-node-link	suffici	1
critic-node-link	miss-deadlin	2
port-port	condit	1
port-port	packet	1
port-port	transmiss	1
port-port	time-slot-input	1
port-port	assumpt	1
port-port	network	1
port-port	belong	1
port-port	transmit	1
port-port	traffic	1
port-port	slot	2
port-port	directli	1
port-port	time-slot-note	1
port-port	polici	1
polici	unit	2
polici	subsequ-messag-integ	1
polici	packet	10
polici	input-queue-schedul	1
polici	gener-case-correct	1
polici	approach	1
polici	altern	1
polici	design-schedul-polici	1
polici	subpermut-matric	1
polici	fluid-polici-packet	5
polici	tion	1
polici	easi	2
polici	prove-special-case	2
polici	design-track	1
polici	start	1
polici	fashion	1
polici	perform	1
polici	depend-futur-arriv	1
polici	perform-analysi	2
polici	exist	1
polici	nonanticip-polici-exist	1
polici	basic	1
polici	input-port-destin	1
polici	immedi	1
polici	track-pol-ici	1
polici	polici-exist	2
polici	servic	1
polici	track-polici-exist	1
polici	theorem	1
polici	track-poli-cie	1
polici	output-port-serv	1
polici	slot-fluid-polici	1
polici	motiv	1
polici	intend	2
polici	queue	1
polici	uniti	1
polici	track-fluid-polici	2
polici	port-exceed	2
polici	design	1
polici	fluid-polici-input	1
polici	eventu	1
polici	complet	3
polici	calcul	1
polici	permit	1
polici	packet-polici-time	1
polici	obtain-track	1
polici	tdma-satellit-switch	2
polici	servic-flow-fluid	4
polici	construct	1
polici	assumpt	1
polici	assump	1
polici	real	2
polici	packet-consid	2
polici	loss	1
polici	traffic	3
polici	elabor	2
polici	part	2
polici	departur-order-obtain	1
polici	specif	3
polici	arbitrari	1
polici	fluid-polici-accomplish	1
polici	realtim	1
polici	consid-fluid	4
polici	necessarili	2
polici	measur	2
polici	schedul-polici-design	2
polici	broad	2
polici	track-polici-illustr	2
polici	track	5
polici	provid-nonanticip	1
polici	time-slot-packet	1
polici	condit	2
polici	main	1
polici	greater	1
polici	polici-feasibl	1
polici	futur-arriv	1
polici	column-row	1
polici	effect-schedul-polici	1
polici	continu	1
polici	packet-polici-resembl	3
polici	edf-polici-singl	1
polici	tran	2
polici	approach-design-track	2
polici	schedul-time-slot	1
polici	port-time	2
polici	belong	2
polici	theta-switch-feasibl	2
polici	individu	2
polici	effici	2
polici	end-time-slot	4
polici	procedur	2
polici	end-slot	2
polici	ensur	1
polici	chang	1
polici	provid-schedul	2
polici	time-slot-clear	1
polici	conjectur	1
polici	base-assumpt	1
polici	arriv	2
polici	departur-order-packet	1
polici	edf-polici-nonanticip	1
polici	impli-packet-complet	2
polici	theta-switch-track	1
polici	correct	1
polici	time-unit	1
polici	packet-polici-track	4
polici	fluid-polici-prove	1
polici	transmiss-slot-packet	2
polici	packet-polici-tract	1
polici	fluid-polici-deriv	2
polici	packet-track-polici	1
polici	rest	1
polici	track-polici-select	1
polici	departur	1
polici	higher-prioriti	1
polici	link	1
polici	special-case-pose	1
polici	uneighbor	1
polici	transmiss-input-output	2
polici	origin	1
polici	polici-obtain-nonanticip	1
polici	directli	3
polici	number	2
polici	time-slot-note	2
polici	servic-packet	1
polici	nonanticip	2
polici	heurist-algorithm-good	1
polici	problem	1
polici	perfect-track-properti	1
polici	packet-polici-latest	2
polici	creat	1
polici	packet-higher-prioriti	1
polici	fluid-polici-assign	1
polici	conveni	3
polici	special-case-switch	1
polici	algorithm	2
polici	question	1
polici	attempt	1
polici	precis	2
polici	futur	1
polici	special-case-theta	1
polici	transmiss	2
polici	provid	4
polici	number-packet-complet	2
polici	fix-servic-rate	1
polici	transfer-input-port	1
polici	singl-link-case	3
polici	packet-polici-fact	1
polici	sens	3
polici	stricter	1
polici	transmiss-packet	1
polici	input-port-output	1
polici	shown-track	2
polici	consid	1
polici	definit-definit	2
polici	assum	2
polici	problem-solv	1
polici	implement	1
polici	total-amount	2
polici	seek	1
polici	serv-fcf-polici	2
polici	approach-design-packet	2
polici	tdma	1
polici	time-slot-deadlin	2
polici	switch	5
polici	take	2
polici	messag-tdma-satellit	1
polici	time-slot-assum	1
polici	begin	1
polici	unit-packet	1
polici	object	1
polici	class	2
polici	flow	2
polici	fact	2
polici	network	2
polici	show	1
polici	speedup	1
polici	fluid-polici-implement	1
polici	exist-packet	1
polici	trivial	2
polici	find	3
polici	definit	1
polici	slot	1
polici	traffic-transfer	2
polici	fact-packet	2
polici	analyz	2
polici	condit-schedul	1
polici	section-show	1
polici	fluid	7
polici	requir	1
polici	enabl	1
polici	view	1
track-polici-illustr	packet	1
track-polici-illustr	main	1
track-polici-illustr	provid	2
track-polici-illustr	complet	2
track-polici-illustr	intend	2
track-polici-illustr	perfect-track-properti	1
track-polici-illustr	approach-design-track	2
track-polici-illustr	seek	1
track-polici-illustr	gener-case-theta	1
track-polici-illustr	switch	1
track-polici-illustr	effici	2
track-polici-illustr	design-track	1
track-polici-illustr	assumpt	1
track-polici-illustr	edf-polici-nonanticip	1
track-polici-illustr	reason	1
track-polici-illustr	fact	1
track-polici-illustr	basic	2
track-polici-illustr	heurist-algorithm-good	1
track-polici-illustr	departur-order-backlog	1
track-polici-illustr	motiv	1
track-polici-illustr	independ-futur-arriv	1
suffici-condit-schedul	prove	1
suffici-condit-schedul	track-fluid-polici	2
suffici-condit-schedul	mean	1
suffici-condit-schedul	deadlin	1
suffici-condit-schedul	gile-hajek	1
suffici-condit-schedul	target	1
suffici-condit-schedul	conjectur	2
suffici-condit-schedul	packet-polici-constraint	2
suffici-condit-schedul	provid-packet-polici	2
suffici-condit-schedul	special	1
suffici-condit-schedul	case	1
suffici-condit-schedul	accomplish	1
suffici-condit-schedul	packet-polici-satisfi	2
suffici-condit-schedul	delay-constraint	3
suffici-condit-schedul	constraint	1
suffici-condit-schedul	philp	2
provid-nonanticip	packet	1
provid-nonanticip	deadlin	1
provid-nonanticip	result	2
provid-nonanticip	input-queue-schedul	1
provid-nonanticip	track-polici-section	1
provid-nonanticip	singl-link-case	1
provid-nonanticip	case	2
provid-nonanticip	provid-packet-polici	1
provid-nonanticip	theta	1
provid-nonanticip	nonanticip-track-polici	1
provid-nonanticip	expect	1
provid-nonanticip	prespecifi	1
provid-nonanticip	switch	1
provid-nonanticip	messag-tdma-satellit	1
provid-nonanticip	address-problem	1
provid-nonanticip	assumpt	1
provid-nonanticip	theta-switch-track	2
provid-nonanticip	nonanticip-track-algorithm	1
provid-nonanticip	show	2
provid-nonanticip	find	2
provid-nonanticip	theta-switch-recal	1
provid-nonanticip	algorithm	2
provid-nonanticip	polici-exist	2
provid-nonanticip	properti	1
provid-nonanticip	problem	1
provid-nonanticip	section-show	2
provid-nonanticip	similar	1
provid-nonanticip	track-polici-theta	2
provid-nonanticip	track	1
provid-nonanticip	special-case-pose	1
gener-case-switch	found	1
gener-case-switch	nonanticip-polici-exist	1
gener-case-switch	heurist-track-polici	2
gener-case-switch	provid	2
gener-case-switch	link	1
gener-case-switch	notion-port-track	1
gener-case-switch	switch-input-output	1
time-slot-packet	packet	2
time-slot-packet	input-port-destin	1
time-slot-packet	time	1
time-slot-packet	subpermut-matric	1
time-slot-packet	end-time-slot	1
time-slot-packet	track-polici-select	1
time-slot-packet	take	3
time-slot-packet	time-slot-assum	1
time-slot-packet	begin	1
time-slot-packet	schedul-time-slot	2
time-slot-packet	miss-deadlin	1
time-slot-packet	assum	2
time-slot-packet	loss	1
time-slot-packet	time-slot-clear	2
time-slot-packet	higher-prioriti	2
time-slot-packet	link	2
time-slot-packet	packet-polici-end	1
time-slot-packet	origin	1
time-slot-packet	slot	1
time-slot-packet	interv	1
time-slot-packet	polici-least	1
time-slot-packet	packet-higher-prioriti	2
time-slot-packet	output-port-serv	1
input-output-schedul	simul	1
input-output-schedul	number	1
input-output-schedul	perform	1
input-output-schedul	import	1
input-output-schedul	investig	1
input-output-schedul	rate-messag	1
input-output-schedul	complex	1
input-output-schedul	algorithm	1
input-output-schedul	model-messag	2
input-output-schedul	messag	2
input-output-schedul	arbit	1
input-output-schedul	switch-size	1
extens-edf	mention	1
extens-edf	algorithm	2
extens-edf	problem-solv	1
extens-edf	problem	1
extens-edf	switch	1
extens-edf	polici-convert	1
extens-edf	deadlin-schedul	1
extens-edf	theta-switch-polici	1
extens-edf	admiss	1
extens-edf	theta	1
extens-edf	obtain-track	1
extens-edf	exist	1
exchang	main	2
exchang	stage	1
exchang	link	2
exchang	approach	1
exchang	weight-link	2
exchang	processor	1
exchang	switch	2
exchang	concern	2
exchang	link-arbit	1
exchang	weight-node-elig	2
exchang	comput	1
exchang	algorithm	2
exchang	link-weight-match	2
exchang	provid	1
exchang	card	2
exchang	signal	2
exchang	arbit	3
exchang	node	1
exchang	requir	2
criterion	packet	1
criterion	track-polici-deadlin	1
criterion	attempt	2
criterion	criterion-optim-base	1
criterion	member	1
criterion	suffici-condit-port	1
criterion	weight-link	1
criterion	switch-fluid-polici	1
criterion	step	1
criterion	optim	4
criterion	prioriti-criterion-optim	1
criterion	case	1
criterion	state	1
criterion	vertex	2
criterion	choic	1
criterion	function	2
criterion	priorit-criterion	1
criterion	optim-match-graph	1
criterion	weight	1
criterion	equival	1
criterion	end-time-slot	1
criterion	equal	3
criterion	weight-node-match	2
criterion	schedul	1
criterion	prove	1
criterion	reduc	1
criterion	detect	2
criterion	match	2
criterion	advanc	2
criterion	propos	1
criterion	weight-vertex	1
criterion	lemma	1
criterion	show	1
criterion	suffici-condit-word	1
criterion	least	1
criterion	summat-criterion	1
criterion	node	1
criterion	node-greater-weight	1
criterion	vertex-weight	1
criterion	number	1
criterion	posit-weight	1
criterion	suppos	2
criterion	lessen	1
criterion	graph-base-summat	4
criterion	packet-deadlin	1
criterion	path-odd	1
criterion	time	1
criterion	contradict-optim	1
criterion	denot	1
main	link	1
main	illustr-simul-result	1
main	stage	1
main	subject	2
main	theta-switch-concentr	1
main	intend	1
main	polici-input-queue	1
main	design	2
main	introduct	2
main	integr-servic-network	2
main	simul-result	1
main	weight-link	1
main	approach-design-track	1
main	poli-cie	1
main	network	1
main	track-polici-implement	1
main	switch-open	1
main	output-queue-switch	1
main	processor	1
main	switch	2
main	effici	1
main	reli	1
main	concern	2
main	design-track	2
main	weight-node-elig	1
main	research	1
main	exist	1
main	heurist-algorithm-basic	1
main	perform	2
main	comput	1
main	applic	2
main	algorithm	2
main	link-weight-match	1
main	base	1
main	provid	4
main	card	2
main	basic	2
main	complet	1
main	signal	2
main	translat	1
main	arbit	2
main	show	1
main	schedul	1
main	rang	2
main	node	1
main	servic	2
main	problem	1
main	requir	4
main	broad	2
illustr-simul-result	poli-cie	1
illustr-simul-result	base-track	1
illustr-simul-result	elabor	1
illustr-simul-result	track-polici-implement	2
illustr-simul-result	basic	1
illustr-simul-result	link	1
illustr-simul-result	design-track	1
illustr-simul-result	base	1
easier	packet	1
easier	usag	2
easier	case	2
easier	assumpt	2
easier	design-schedul-polici	2
easier	model	2
easier	admit	1
easier	arriv	2
easier	traffic	2
easier	base	1
easier	perform-analysi	2
easier	analysi	1
easier	treat	2
easier	connect	2
easier	understand	2
easier	perform	2
easier	realist	1
easier	networkdesign	2
easier	fluid	2
easier	import	2
easier	organ	1
easier	effect-schedul-polici	2
track-critic-node	question	1
track-critic-node	switch-heurist-algorithm	1
track-critic-node	notion	2
track-critic-node	measur	2
track-critic-node	gener-case-theta	1
track-critic-node	provid	1
track-critic-node	confirm	2
track-critic-node	import	2
track-critic-node	track-polici-port	2
track-critic-node	theta	1
track-critic-node	valid	2
good	simul	2
good	heurist-algorithm-show	2
good	number	2
good	perform	2
good	investig	1
good	gener-case-theta	2
good	provid	2
good	input-queu-switch	2
return	miss-packet	1
return	fact	1
return	switch	1
return	size	1
return	import	1
return	applic	1
return	packet-deadlin	1
return	neglect	1
greater	uniti	2
greater	question	1
greater	easi	1
greater	provid	1
greater	remov	1
greater	arbitr	1
greater	input-port-output	2
greater	constraint	1
greater	consid	2
greater	critic-link-increas	1
greater	approach	2
greater	weight	4
greater	equival	1
greater	hard	1
greater	provid-schedul	2
greater	schedul	4
greater	constant	2
greater	mention	1
greater	match	1
greater	includ	1
greater	show	1
greater	higher-prioriti	1
greater	node	2
greater	consid-fluid	1
greater	increas-weight-critic	2
greater	condit-schedul	2
heurist-simul-algorithm	design	1
heurist-simul-algorithm	result	1
heurist-simul-algorithm	set-messag	1
heurist-simul-algorithm	idea	1
heurist-simul-algorithm	appropri	2
heurist-simul-algorithm	provid-schedul	1
heurist-simul-algorithm	messag	1
heurist-simul-algorithm	schedul	1
heurist-simul-algorithm	period	1
heurist-simul-algorithm	schedul-messag	1
heurist-simul-algorithm	heurist-track-polici	1
heurist-simul-algorithm	propos	2
heurist-simul-algorithm	number-packet-servic	1
heurist-simul-algorithm	heurist-simul-algorithmi	1
heurist-simul-algorithm	algorithm	1
heurist-simul-algorithm	inukai	1
heurist-simul-algorithm	schedul-multiperiod-tdma	1
hencex	sincebffc	1
hencex	case	2
hencex	relat-correct	1
polici-feasibl	packet	1
polici-feasibl	serv-fcf-polici	1
polici-feasibl	transmiss-slot-packet	1
polici-feasibl	necessarili	1
polici-feasibl	fact-packet	1
polici-feasibl	part	1
polici-feasibl	impli-packet-complet	1
polici-feasibl	begin	1
polici-feasibl	transmiss-packet	1
polici-feasibl	end-slot	1
initi	perform	2
initi	set-elig-link	2
initi	base	1
initi	vertex	1
initi	weight-node-urgent	2
initi	provid	2
initi	match	1
initi	basic	1
initi	schedul-algorithm-base	2
initi	solut	1
initi	stage	1
initi	schedul	2
initi	consid	1
initi	match-select	2
framework	approach	2
framework	directli	1
framework	maximum	1
framework	deadlin	2
framework	toler	1
framework	determin	1
framework	arriv	1
framework	traffic	1
framework	switch	1
framework	satisfact	2
framework	realtim	1
framework	requir	1
framework	time	1
framework	view	1
framework	altern	1
column-row	begin-slot	1
column-row	subpermut-matrix-note	1
column-row	eventu	2
column-row	case	1
column-row	continu	2
column-row	column	2
column-row	argument	1
column-row	noninteg-redefin	2
column-row	rest	2
column-row	note	1
column-row	procedur	1
column-row	fashion	2
column-row	algorithm	1
column-row	element	1
column-row	noninteg	1
column-row	uneighbor	2
column-row	show-hold	1
column-row	polici-obtain-nonanticip	1
column-row	creat	2
column-row	track	1
promis	algorithm	1
promis	schedul-tdma-satellit	1
promis	heurist-algorithm-continu	1
promis	multi	1
promis	investig	1
promis	switch	1
promis	analysi	1
promis	messag	1
promis	primari-result	2
promis	period	1
arbitr	critic-link-increas	2
arbitr	constant	1
arbitr	weight	1
arbitr	increas-weight-critic	1
arbitr	remov	1
arbitr	link-critic-port	1
arbitr	schedul	2
effect-schedul-polici	track-fluid-polici	1
effect-schedul-polici	packet	1
effect-schedul-polici	usag	2
effect-schedul-polici	assumpt	2
effect-schedul-polici	sens	1
effect-schedul-polici	time	1
effect-schedul-polici	fluid	2
effect-schedul-polici	packet-polici-resembl	1
effect-schedul-polici	capac	1
effect-schedul-polici	design-schedul-polici	4
effect-schedul-polici	assump	2
effect-schedul-polici	approach-design-packet	1
effect-schedul-polici	tion	2
effect-schedul-polici	instant	1
effect-schedul-polici	fluid-polici-assum	1
effect-schedul-polici	admit	1
effect-schedul-polici	arriv	2
effect-schedul-polici	fluid-polici-deriv	1
effect-schedul-polici	traffic	2
effect-schedul-polici	applic	1
effect-schedul-polici	fraction	1
effect-schedul-polici	base	1
effect-schedul-polici	perform-analysi	2
effect-schedul-polici	analysi	1
effect-schedul-polici	treat	2
effect-schedul-polici	connect	2
effect-schedul-polici	link	1
effect-schedul-polici	find	1
effect-schedul-polici	understand	2
effect-schedul-polici	perform	4
effect-schedul-polici	conveni	2
effect-schedul-polici	realist	1
effect-schedul-polici	model	2
effect-schedul-polici	analyz	2
effect-schedul-polici	networkdesign	2
effect-schedul-polici	import	2
effect-schedul-polici	arbitrari	1
effect-schedul-polici	enabl	2
effect-schedul-polici	organ	1
effect-schedul-polici	case	2
schedul-algorithm-base	vertex	1
schedul-algorithm-base	provid	4
schedul-algorithm-base	solut	1
schedul-algorithm-base	stage	1
schedul-algorithm-base	approach	1
schedul-algorithm-base	consid	1
schedul-algorithm-base	schedul	3
schedul-algorithm-base	match-select	2
schedul-algorithm-base	weight-node-urgent	2
schedul-algorithm-base	set-elig-link	2
schedul-algorithm-base	match	1
schedul-algorithm-base	link-arbit	1
schedul-algorithm-base	base	1
schedul-algorithm-base	basic	1
schedul-algorithm-base	link	1
schedul-algorithm-base	weight-node-elig	1
schedul-algorithm-base	perform	2
schedul-algorithm-base	final	2
schedul-algorithm-base	algorithm	2
introduct	transact-network	1
introduct	design	2
introduct	deadlin	1
introduct	packetswitch-network	1
introduct	provid	2
introduct	effici	1
introduct	jianyu	1
introduct	integr-servic-network	3
introduct	simul-result	1
introduct	schedul-realtim-messag	1
introduct	network	2
introduct	queue-algorithm	1
introduct	switch	1
introduct	distribut	1
introduct	period	1
introduct	heurist-algorithm-basic	1
introduct	perform	3
introduct	applic	2
introduct	reli	1
introduct	approach-flow-control	1
introduct	show	1
introduct	node-case	1
introduct	translat	1
introduct	gener-processor-share	1
introduct	schedul	1
introduct	rang	2
introduct	algorithm	1
introduct	servic	2
introduct	shen	1
introduct	ieeeacm	1
introduct	guarante	1
introduct	system	1
introduct	requir	2
introduct	yong	1
introduct	junzhou	1
introduct	hardrealtim	1
introduct	broad	2
introduct	februari	1
introduct	inputqueu	1
integr-servic-network	transact-network	1
integr-servic-network	design	2
integr-servic-network	deadlin	1
integr-servic-network	translat	1
integr-servic-network	packetswitch-network	1
integr-servic-network	provid	2
integr-servic-network	effici	1
integr-servic-network	jianyu	1
integr-servic-network	case	2
integr-servic-network	simul-result	1
integr-servic-network	schedul-realtim-messag	1
integr-servic-network	network	2
integr-servic-network	queue-algorithm	1
integr-servic-network	switch	2
integr-servic-network	shape	1
integr-servic-network	singl	2
integr-servic-network	distribut	1
integr-servic-network	period	2
integr-servic-network	heurist-algorithm-basic	1
integr-servic-network	perform	3
integr-servic-network	applic	2
integr-servic-network	reli	1
integr-servic-network	approach-flow-control	3
integr-servic-network	show	1
integr-servic-network	node-case	2
integr-servic-network	broad	2
integr-servic-network	gener-processor-share	3
integr-servic-network	schedul	2
integr-servic-network	rang	2
integr-servic-network	algorithm	1
integr-servic-network	node	2
integr-servic-network	servic	2
integr-servic-network	shen	1
integr-servic-network	ieeeacm	1
integr-servic-network	guarante	1
integr-servic-network	system	1
integr-servic-network	requir	2
integr-servic-network	yong	1
integr-servic-network	junzhou	1
integr-servic-network	hardrealtim	1
integr-servic-network	februari	1
integr-servic-network	inputqueu	1
choic	base-node-weight	1
choic	node-priorit	1
choic	priorit-criterion	2
choic	step	1
choic	node	1
choic	node-greater-weight	1
simul-result	design	1
simul-result	heurist-algorithm-continu	1
simul-result	result	1
simul-result	result-match	1
simul-result	provid	1
simul-result	heurist-algorithm-investig	1
simul-result	section-schedul-tdma	2
simul-result	satellit-switch-provid	2
simul-result	primari-result	2
simul-result	schedul-time-slot	1
simul-result	heurist-algorithm-basic	2
simul-result	perform	1
simul-result	reli	2
simul-result	heurist-track-polici	1
simul-result	analysi	1
simul-result	show	2
simul-result	notion-port-track	1
simul-result	rang	1
simul-result	algorithm	1
simul-result	servic	1
simul-result	requir	1
simul-result	applic	1
simul-result	broad	1
packet-polici-resembl	track-fluid-polici	2
packet-polici-resembl	design	1
packet-polici-resembl	singl-link-case	1
packet-polici-resembl	sens	4
packet-polici-resembl	fluid-polici-packet	1
packet-polici-resembl	fluid	1
packet-polici-resembl	design-schedul-polici	1
packet-polici-resembl	approach-design-packet	3
packet-polici-resembl	tion	1
packet-polici-resembl	assump	1
packet-polici-resembl	polici-call	1
packet-polici-resembl	fluid-polici-deriv	2
packet-polici-resembl	packet-consid	1
packet-polici-resembl	perform-analysi	1
packet-polici-resembl	fact	1
packet-polici-resembl	departur	2
packet-polici-resembl	fluid-polici-implement	2
packet-polici-resembl	exist-packet	1
packet-polici-resembl	find	2
packet-polici-resembl	perform	1
packet-polici-resembl	conveni	2
packet-polici-resembl	track-pol-ici	1
packet-polici-resembl	analyz	3
packet-polici-resembl	schedul-polici-design	1
packet-polici-resembl	enabl	1
edf-polici-singl	time-slot-deadlin	1
edf-polici-singl	packet	1
edf-polici-singl	result	2
edf-polici-singl	similar	2
edf-polici-singl	case	1
edf-polici-singl	link	1
edf-polici-singl	singl-link-case	1
edf-polici-singl	schedul-polici-edf	1
edf-polici-singl	end-time-slot	1
edf-polici-singl	obtain-track	2
tran	class	1
tran	consid-fluid	1
tran	number	2
tran	real	2
tran	measur	2
tran	packet-polici-time	1
tran	transfer-input-port	1
tran	packet	1
tran	permit	1
tran	broad	1
tran	unit-packet	1
tran	slot-fluid-polici	1
tran	unit	2
justifi	result	1
justifi	nonanticip-track-algorithm	1
justifi	complex	2
justifi	singl-link-case	1
justifi	case	1
justifi	nonanticip-track-polici	1
justifi	theta	2
justifi	perfect-track-polici	1
justifi	assumpt	2
justifi	mention	1
justifi	singl-link-share	1
justifi	valid	2
justifi	switch	1
justifi	expect	1
justifi	good-perfect-perform	2
justifi	shown	1
justifi	calculu-network-delay	1
justifi	crucial	1
justifi	node	1
justifi	departur-order-packet	1
justifi	heurist-track-polici	2
justifi	fact	2
justifi	theta-case	1
justifi	present	1
justifi	properti	1
justifi	similar	1
justifi	independ-futur-arriv	1
switch-input-output	found	2
switch-input-output	heurist-track-polici	1
switch-input-output	provid	1
switch-input-output	nonanticip-polici-exist	2
switch-input-output	special-case-switch	1
switch-input-output	shown-track	1
accommod	switch-size	1
accommod	time	2
accommod	altern	1
accommod	moder	1
accommod	scenario	2
accommod	output-queue-switch	2
accommod	switch-fabric	2
accommod	line-rate	1
accommod	theta-switch-input	1
accommod	suffici	1
accommod	input-queue-attract	1
accommod	size-switch	1
accommod	faster	2
accommod	packet-output	1
accommod	capac	1
accommod	increas	1
accommod	bandwidth	1
achiev	packet	1
achiev	backlog	1
achiev	singl-link-singl	1
achiev	packet-deadlin	1
achiev	show	2
achiev	polici-satisfi	1
achiev	effect	2
achiev	link	2
achiev	slot	1
schedul-algorithm-switch	perform	1
schedul-algorithm-switch	network	2
schedul-algorithm-switch	loss	1
schedul-algorithm-switch	traffic	2
schedul-algorithm-switch	analyz	1
schedul-algorithm-switch	determin	2
schedul-algorithm-switch	switch	2
schedul-algorithm-switch	hand	1
schedul-algorithm-switch	characterist	2
schedul-algorithm-switch	pattern	2
schedul-algorithm-switch	measur	1
schedul-algorithm-switch	packet	1
schedul-algorithm-switch	requir	1
schedul-algorithm-switch	applic	1
schedul-algorithm-switch	capabl	1
schedul-algorithm-switch	delay-jitter	2
schedul-algorithm-switch	common	1
schedul-algorithm-switch	incom	2
schedul-algorithm-switch	probabl	1
port-time	servic-flow-fluid	1
port-time	total-amount	2
port-time	flow	2
port-time	specif	1
port-time	track-poli-cie	1
port-time	stricter	1
port-time	fluid-polici-packet	2
port-time	definit	1
port-time	traffic-transfer	2
port-time	packet-polici-track	1
critic-node-inspect	simul	1
critic-node-inspect	perform	1
critic-node-inspect	algorithm	1
critic-node-inspect	investig	1
critic-node-inspect	base	2
critic-node-inspect	constant-rate	2
critic-node-inspect	switch-size	1
critic-node-inspect	messag	1
critic-node-inspect	experi	1
queue-algorithm	transact-network	1
queue-algorithm	schedul-realtim-messag	1
queue-algorithm	deadlin	1
queue-algorithm	packetswitch-network	1
queue-algorithm	effici	1
queue-algorithm	optim	1
queue-algorithm	jianyu	1
queue-algorithm	network	1
queue-algorithm	gener-processor-share	1
queue-algorithm	switch	1
queue-algorithm	multiplex	1
queue-algorithm	distribut	1
queue-algorithm	buffer	1
queue-algorithm	period	1
queue-algorithm	approach-flow-control	1
queue-algorithm	singl-link-delay	1
queue-algorithm	node-case	1
queue-algorithm	schedul	1
queue-algorithm	perform	1
queue-algorithm	algorithm	1
queue-algorithm	shen	1
queue-algorithm	ieeeacm	1
queue-algorithm	guarante	1
queue-algorithm	system	1
queue-algorithm	requir	1
queue-algorithm	yong	1
queue-algorithm	junzhou	1
queue-algorithm	hardrealtim	1
queue-algorithm	februari	1
queue-algorithm	inputqueu	1
mean	track-fluid-polici	1
mean	optim-match-graph	1
mean	deadlin	2
mean	target	2
mean	fix-servic-rate	1
mean	optim	2
mean	provid-packet-polici	1
mean	argument	1
mean	vice	1
mean	weight	1
mean	switch	1
mean	equal	1
mean	take	1
mean	accomplish	2
mean	arriv	1
mean	versa	1
mean	time-unit	1
mean	start	1
mean	specif	1
mean	complet	1
mean	immedi	1
mean	node-node	1
mean	packet-polici-satisfi	1
mean	delay-constraint	1
mean	algorithm-deriv	1
mean	servic-packet	1
mean	servic	1
mean	packet-polici-constraint	1
mean	fluid-polici-assign	1
theta-switch-feasibl	packet	1
theta-switch-feasibl	prove-special-case	2
theta-switch-feasibl	special-case-theta	1
theta-switch-feasibl	construct	1
theta-switch-feasibl	switch	1
theta-switch-feasibl	packet-polici-fact	1
theta-switch-feasibl	track	1
maximum-match-case	search-result-match	2
maximum-match-case	node-detect-search	1
maximum-match-case	augment-path	2
maximum-match-case	free	2
maximum-match-case	similar	1
maximum-match-case	result-match	1
maximum-match-case	node-smaller-weight	1
maximum-match-case	differ	2
maximum-match-case	case	1
maximum-match-case	maximum-match-algorithm	1
maximum-match-case	node	2
maximum-match-case	detect	2
transmiss-input-port	complet-transmiss-slot	2
transmiss-input-port	track-fluid-polici	2
transmiss-input-port	leftmost	2
transmiss-input-port	theta	2
transmiss-input-port	found	1
transmiss-input-port	number-packet-complet	2
transmiss-input-port	solut-problem	1
transmiss-input-port	time	2
transmiss-input-port	function	2
transmiss-input-port	fluid	3
transmiss-input-port	subpermut-matric	1
transmiss-input-port	output-port-fluid	2
transmiss-input-port	switch	1
transmiss-input-port	note	1
transmiss-input-port	packet-complet-transmiss	2
transmiss-input-port	schedul	2
transmiss-input-port	arriv	2
transmiss-input-port	matrix-schedul	1
transmiss-input-port	packet-slot	1
transmiss-input-port	advanc	2
transmiss-input-port	realiz	1
transmiss-input-port	traffic	2
transmiss-input-port	schedul-matrix	2
transmiss-input-port	slot-packet-polici	2
transmiss-input-port	arriv-process	2
transmiss-input-port	transmiss-input-output	2
transmiss-input-port	slot	1
transmiss-input-port	perfectli	1
transmiss-input-port	fluid-polici-time	1
transmiss-input-port	fact-packet	2
transmiss-input-port	output-port-function	2
transmiss-input-port	port-serv-fcf	2
transmiss-input-port	port-packet-polici	2
transmiss-input-port	nonanticip	2
transmiss-input-port	polici-least	2
transmiss-input-port	packet-polici-subpermut	1
transmiss-input-port	back	2
transmiss-input-port	end-slot	2
transmiss-input-port	polici-impli-packet	2
weight	fluid-polici-track	1
weight	optimum	1
weight	weight-link	3
weight	match-algorithm	1
weight	approach	2
weight	equal	2
weight	weight-node-match	1
weight	schedul	11
weight	basic	1
weight	arbit	1
weight	node	6
weight	lessen	2
weight	calcul	4
weight	optim	2
weight	mention	1
weight	summat	2
weight	versa	2
weight	constant	2
weight	set-elig-link	2
weight	match	3
weight	weight-vertex	3
weight	bipartit-graph	1
weight	exceed	1
weight	track	2
weight	sort	2
weight	maxim	2
weight	investig	2
weight	step	3
weight	stage	3
weight	hard	1
weight	includ	1
weight	base	1
weight	vertex-weight	3
weight	higher-prioriti	1
weight	link	3
weight	algorithm	1
weight	differ	1
weight	interact	1
weight	contradict-optim	1
weight	assign	2
weight	attempt	1
weight	comput	1
weight	remov	1
weight	function	1
weight	consid	2
weight	summat-criterion	2
weight	critic-link-increas	1
weight	reduc	2
weight	posit-weight	3
weight	vice	2
weight	equival	1
weight	switch	1
weight	propos	1
weight	show	3
weight	node-node	4
weight	node-greater-weight	1
weight	increas-weight-critic	3
deadlin-deadlin	perform	1
deadlin-deadlin	time-unit	2
deadlin-deadlin	percent	2
deadlin-deadlin	maximum	2
deadlin-deadlin	number-packet-miss	2
deadlin-deadlin	case	2
deadlin-deadlin	applic	1
deadlin-deadlin	switch-size	1
replac	path	2
replac	match	1
replac	number	1
replac	belong	2
replac	includ	2
replac	member	2
replac	altern	2
replac	node-path	1
replac	path-odd	1
replac	set-link	2
replac	vertex	1
replac	node	1
replac	contradict-optim	2
replac	assumpt	2
individu	fluid-polici-input	1
individu	attempt	1
individu	provid	2
individu	aggreg-traffic	1
individu	approach	1
individu	altern	1
individu	flow	2
individu	servic-flow-fluid	2
individu	switch	1
individu	node	1
individu	theorem	1
individu	pair	1
individu	packet-polici-track	2
individu	traffic	1
individu	packet-track-polici	1
individu	arbitrari	1
individu	session	1
individu	perflow	2
individu	realtim	1
individu	directli	1
individu	consist	1
individu	nonanticip	2
individu	requir	1
individu	exist	1
individu	view	1
individu	queue	1
hard	mention	2
hard	schedul	1
hard	node	1
hard	consid	1
hard	show	2
hard	special	1
hard	approach	1
hard	structur	1
hard	equival	2
idea	design	2
idea	heurist-track-polici	2
idea	propos	1
idea	address-problem	1
idea	provid-packet-polici	1
idea	packet-deadlin	1
idea	prespecifi	1
procedur	polici-convert	1
procedur	track-polici-gener	1
procedur	eventu	1
procedur	continu	1
procedur	fluid-polici-packet	2
procedur	obtain-track	1
procedur	implement	1
procedur	shown-track	2
procedur	mention	1
procedur	problem-solv	1
procedur	rest	1
procedur	deadlin-schedul	1
procedur	fashion	1
procedur	depend-futur-arriv	1
procedur	uneighbor	1
procedur	polici-obtain-nonanticip	1
procedur	algorithm	2
procedur	polici-exist	2
procedur	problem	1
procedur	creat	2
procedur	track	2
fluid-polici-assum	packet	1
fluid-polici-assum	case	1
fluid-polici-assum	time	2
fluid-polici-assum	capac	2
fluid-polici-assum	design-schedul-polici	1
fluid-polici-assum	tion	1
fluid-polici-assum	instant	2
fluid-polici-assum	assump	1
fluid-polici-assum	enabl	1
fluid-polici-assum	fraction	2
fluid-polici-assum	arbitrari	2
fluid-polici-assum	link	2
fluid-polici-assum	perform	1
fluid-polici-assum	realist	1
fluid-polici-assum	analyz	1
fluid-polici-assum	applic	2
fluid-polici-assum	organ	1
fluid-polici-assum	conveni	1
expect	valid	1
expect	nonanticip-track-algorithm	2
expect	result	2
expect	properti	2
expect	switch	1
expect	similar	2
expect	theta-case	1
expect	singl-link-case	2
expect	track-polici-theta	1
expect	case	1
expect	nonanticip-track-polici	2
expect	theta	1
expect	assumpt	2
expect	theta-switch-recal	1
packet-complet-transmiss	complet-transmiss-slot	2
packet-complet-transmiss	track-fluid-polici	1
packet-complet-transmiss	leftmost	2
packet-complet-transmiss	number-packet-complet	2
packet-complet-transmiss	solut-problem	1
packet-complet-transmiss	port-serv-fcf	2
packet-complet-transmiss	polici-least	2
packet-complet-transmiss	matrix-schedul	1
packet-complet-transmiss	subpermut-matric	1
packet-complet-transmiss	output-port-fluid	2
packet-complet-transmiss	switch	1
packet-complet-transmiss	note	1
packet-complet-transmiss	port-packet-polici	2
packet-complet-transmiss	found	1
packet-complet-transmiss	realiz	1
packet-complet-transmiss	packet-slot	1
packet-complet-transmiss	slot-packet-polici	2
packet-complet-transmiss	transmiss-input-output	2
packet-complet-transmiss	fact-packet	2
packet-complet-transmiss	fluid	2
packet-complet-transmiss	packet-polici-subpermut	1
packet-complet-transmiss	end-slot	2
packet-complet-transmiss	polici-impli-packet	2
special	mention	1
special	prove	2
special	delay-constraint	1
special	lemma	1
special	philp	1
special	gile-hajek	1
special	show	1
special	case	1
special	conjectur	1
special	structur	2
special	equival	2
special	bipartit-graph	1
set-link	track-fluid-polici	1
set-link	belong	2
set-link	member	2
set-link	optimum	1
set-link	critic-link-critic	1
set-link	vertex	1
set-link	match-algorithm	1
set-link	altern	2
set-link	assumpt	2
set-link	node-path	1
set-link	schedul	1
set-link	path	2
set-link	match	2
set-link	includ	2
set-link	base	1
set-link	vertex-weight	1
set-link	link	2
set-link	arbit	1
set-link	track-polici-loos	1
set-link	node	1
set-link	step	1
set-link	number	1
set-link	problem	2
set-link	track	2
set-link	path-odd	1
set-link	urgent-schedul	1
set-link	contradict-optim	2
shown	packet	2
shown	schedul-algorithm-propos	1
shown	result	1
shown	complex	1
shown	percentag	2
shown	pattern	2
shown	sequenc	1
shown	case	1
shown	perfect-track-polici	2
shown	network	1
shown	tabl	1
shown	output-queue-switch	2
shown	switch	4
shown	good-perfect-perform	1
shown	column	2
shown	speed	2
shown	schedul	1
shown	match	1
shown	algorithm	1
shown	heurist-track-polici	1
shown	base	1
shown	fact	3
shown	provid	1
shown	fairli	1
shown	pure	1
shown	arbit	1
shown	output	2
shown	number-packet-latenc	1
shown	limit	1
shown	suffici	2
shown	problem	1
shown	size	1
shown	track-polici-exist	1
shown	requir	1
shown	receiv	1
shown	applic	1
shown	input-output-queue	1
shown	special-case-heurist	1
accomplish	track-fluid-polici	1
accomplish	deadlin	2
accomplish	period-messag	1
accomplish	target	2
accomplish	complet	1
accomplish	fix-servic-rate	1
accomplish	provid-packet-polici	1
accomplish	randomli	1
accomplish	task	2
accomplish	switch	1
accomplish	equal	1
accomplish	take	1
accomplish	arriv	1
accomplish	time-unit	1
accomplish	start	1
accomplish	constant-rate	2
accomplish	specif	1
accomplish	immedi	1
accomplish	packet-polici-satisfi	1
accomplish	delay-constraint	1
accomplish	slot	1
accomplish	servic-packet	1
accomplish	servic	1
accomplish	packet-polici-constraint	1
accomplish	messag	2
accomplish	probabl	1
accomplish	fluid-polici-assign	3
accomplish	input-output-pair	1
admiss	algorithm	1
admiss	theta-switch-polici	1
admiss	deadlin	1
admiss	switch	1
admiss	polici-call	1
admiss	exist	3
admiss	perlink-track-polici	1
admiss	perflow-track	1
admiss	theta	1
admiss	schedul	2
admiss	consid	1
admiss	prove	1
time-slot-clear	packet	2
time-slot-clear	time-slot-assum	1
time-slot-clear	assum	2
time-slot-clear	schedul-time-slot	2
time-slot-clear	loss	1
time-slot-clear	subpermut-matric	1
time-slot-clear	take	2
time-slot-clear	polici-least	1
time-slot-clear	link	2
time-slot-clear	packet-higher-prioriti	2
time-slot-clear	packet-polici-end	1
time-slot-clear	higher-prioriti	2
time-slot-clear	track-polici-select	1
time-slot-clear	miss-deadlin	1
crucial	packet	1
crucial	futur	1
crucial	futur-arriv	2
crucial	case	2
crucial	time	2
crucial	theta	1
crucial	assumpt	3
crucial	mention	2
crucial	note	2
crucial	end-time-slot	1
crucial	chang	1
crucial	node	2
crucial	arriv	1
crucial	valid	1
crucial	miss-deadlin	1
crucial	correct	1
crucial	assum	1
crucial	schedul	2
crucial	present	2
crucial	departur-order-packet	3
crucial	base-assumpt	1
crucial	calcul	1
crucial	singl-link-share	2
crucial	departur-order-obtain	1
crucial	order-packet-departur	2
crucial	independ-futur-arriv	2
weight-node-elig	stage	2
weight-node-elig	link	4
weight-node-elig	approach	2
weight-node-elig	processor	2
weight-node-elig	switch	1
weight-node-elig	concern	1
weight-node-elig	node	2
weight-node-elig	comput	2
weight-node-elig	algorithm	2
weight-node-elig	link-arbit	2
weight-node-elig	provid	3
weight-node-elig	card	1
weight-node-elig	signal	1
weight-node-elig	arbit	2
weight-node-elig	interact	1
weight-node-elig	requir	1
weight-node-elig	final	1
research	output-queue-switch	2
research	packet-output	1
research	subject	1
research	theta-switch-concentr	2
research	theta-switch-input	1
research	time	1
research	schedul	2
departur-order-packet	packet	1
departur-order-packet	futur	1
departur-order-packet	futur-arriv	2
departur-order-packet	case	2
departur-order-packet	time	1
departur-order-packet	theta	1
departur-order-packet	assumpt	4
departur-order-packet	mention	2
departur-order-packet	note	1
departur-order-packet	end-time-slot	1
departur-order-packet	chang	2
departur-order-packet	node	2
departur-order-packet	arriv	1
departur-order-packet	valid	1
departur-order-packet	edf-polici-nonanticip	1
departur-order-packet	miss-deadlin	1
departur-order-packet	correct	2
departur-order-packet	track	1
departur-order-packet	assum	2
departur-order-packet	schedul	1
departur-order-packet	present	2
departur-order-packet	singl-link-share	2
departur-order-packet	departur-order-obtain	2
departur-order-packet	order-packet-departur	1
departur-order-packet	independ-futur-arriv	2
edf-polici-nonanticip	futur-arriv	1
edf-polici-nonanticip	correct	1
edf-polici-nonanticip	gener-case-theta	1
edf-polici-nonanticip	assum	1
edf-polici-nonanticip	reason	1
edf-polici-nonanticip	switch	1
edf-polici-nonanticip	track	1
edf-polici-nonanticip	packet	1
edf-polici-nonanticip	basic	1
edf-polici-nonanticip	independ-futur-arriv	1
edf-polici-nonanticip	chang	1
edf-polici-nonanticip	departur-order-obtain	1
edf-polici-nonanticip	departur-order-backlog	1
edf-polici-nonanticip	assumpt	2
vector	configur	1
vector	servic-configur	1
vector	deadlin	1
vector	lexicograph	1
vector	compon	1
vector	schedul-polici-edf	1
vector	polici-time-slot	1
vector	definit	1
vector	sort	1
vector	deadlin-vector	1
impli-packet-complet	port-exceed	1
impli-packet-complet	packet	1
impli-packet-complet	transmiss	1
impli-packet-complet	number-packet-complet	1
impli-packet-complet	transmiss-packet	1
impli-packet-complet	serv-fcf-polici	2
impli-packet-complet	begin	1
impli-packet-complet	transmiss-slot-packet	2
impli-packet-complet	part	2
impli-packet-complet	transmiss-input-output	1
impli-packet-complet	fact-packet	2
impli-packet-complet	fluid	1
impli-packet-complet	necessarili	2
impli-packet-complet	end-slot	2
theta-switch-track	packet	1
theta-switch-track	deadlin	1
theta-switch-track	input-queue-schedul	1
theta-switch-track	provid-packet-polici	1
theta-switch-track	track-polici-section	1
theta-switch-track	find	2
theta-switch-track	switch	1
theta-switch-track	messag-tdma-satellit	1
theta-switch-track	address-problem	1
theta-switch-track	show	1
theta-switch-track	special-case-pose	1
theta-switch-track	prespecifi	1
theta-switch-track	algorithm	2
theta-switch-track	polici-exist	2
theta-switch-track	problem	1
theta-switch-track	section-show	2
theta-switch-track	track	1
correct	packet-polici-section	1
correct	futur	1
correct	special-case-theta	1
correct	conjectur	1
correct	time	1
correct	subcas-relat	2
correct	assumpt	2
correct	distinguish	1
correct	switch	1
correct	note	1
correct	chang	2
correct	schedul	1
correct	arriv	1
correct	track	1
correct	assum	2
correct	fluid-polici-prove	1
correct	show	1
correct	departur-order-obtain	2
correct	conclud	1
correct	trivial	1
correct	futur-arriv	2
correct	differ	1
correct	order-packet-departur	1
time-unit	unit	1
time-unit	port-exceed	1
time-unit	schedul-algorithm-propos	1
time-unit	deadlin	1
time-unit	number-packet-miss	2
time-unit	easi	1
time-unit	target	1
time-unit	complet	2
time-unit	fix-servic-rate	2
time-unit	transfer-input-port	1
time-unit	case	2
time-unit	time	1
time-unit	percent	2
time-unit	equal	2
time-unit	start	2
time-unit	switch	3
time-unit	time-slot-input	1
time-unit	take	2
time-unit	speed	1
time-unit	provid-schedul	1
time-unit	arriv	2
time-unit	exist	1
time-unit	total-servic-rate	1
time-unit	packet-consid	2
time-unit	provid	1
time-unit	specif	2
time-unit	fairli	1
time-unit	immedi	2
time-unit	arbit	1
time-unit	output-port-connect	1
time-unit	perform	1
time-unit	output	1
time-unit	consid-fluid	1
time-unit	serv-packet	1
time-unit	servic-packet	4
time-unit	servic	2
time-unit	size	2
time-unit	capac	2
time-unit	switch-size	1
time-unit	requir	1
time-unit	receiv	1
time-unit	applic	1
time-unit	maximum	2
time-unit	fluid-polici-assign	2
time-unit	output-input-port	1
time-unit	queue	1
insid	fluid-polici-track	1
insid	deadlin	2
insid	time-stamp	1
insid	object-schedul-packet	2
insid	induc	1
insid	polici-satisfi	1
insid	time	2
insid	time-frame	2
insid	deadlin-packet	1
advanc	track-fluid-polici	1
advanc	packet	2
advanc	deadlin	2
advanc	futur	2
advanc	track-polici-deadlin	2
advanc	futur-arriv	2
advanc	fluid-polici-depend	2
advanc	case	2
advanc	nonanticip	4
advanc	time	3
advanc	function	2
advanc	deadlin-packet	1
advanc	rate-link	2
advanc	switch-fluid-polici	2
advanc	end-time-slot	2
advanc	equal	3
advanc	instanc	1
advanc	schedul	2
advanc	arriv	3
advanc	detect	2
advanc	traffic	3
advanc	flow	1
advanc	suffici-condit-port	1
advanc	base	1
advanc	suffici-condit-word	1
advanc	schedul-matrix	2
advanc	least	1
advanc	back	2
advanc	arriv-process	2
advanc	slot	1
advanc	perfectli	1
advanc	fluid-polici-time	1
advanc	backlog	1
advanc	model	1
advanc	theta	2
advanc	packet-deadlin	1
advanc	fluid	1
advanc	output-port-function	2
advanc	denot	1
advanc	state	1
packet-polici-track	aggreg-traffic	2
packet-polici-track	fluid-polici-manner	2
packet-polici-track	fluid-polici-input	1
packet-polici-track	attempt	1
packet-polici-track	consid	1
packet-polici-track	exist	2
packet-polici-track	provid	1
packet-polici-track	fluid-polici-packet	1
packet-polici-track	input-port-output	2
packet-polici-track	altern	1
packet-polici-track	nonanticip-track-polici	1
packet-polici-track	prove	1
packet-polici-track	approach	1
packet-polici-track	total-amount	1
packet-polici-track	traffic-transfer	1
packet-polici-track	switch	1
packet-polici-track	polici-prove	1
packet-polici-track	special-case-theta	1
packet-polici-track	object	2
packet-polici-track	theorem	1
packet-polici-track	realtim	1
packet-polici-track	flow	1
packet-polici-track	traffic	1
packet-polici-track	stanc	2
packet-polici-track	show	2
packet-polici-track	specif	2
packet-polici-track	servic-flow-fluid	4
packet-polici-track	basic	1
packet-polici-track	perflow-track	1
packet-polici-track	find	2
packet-polici-track	switch-exist-track	1
packet-polici-track	theta-switch-basic	1
packet-polici-track	directli	1
packet-polici-track	packet-track-polici	1
packet-polici-track	nonanticip	2
packet-polici-track	requir	1
packet-polici-track	perlink-track-polici	1
packet-polici-track	arbitrari	1
packet-polici-track	circum	2
packet-polici-track	view	1
packet-polici-track	queue	1
fluid-polici-prove	trivial	2
fluid-polici-prove	packet-polici-section	1
fluid-polici-prove	special-case-theta	1
fluid-polici-prove	switch	1
fluid-polici-prove	show	1
fluid-polici-prove	gener-case-correct	1
fluid-polici-prove	packet	1
fluid-polici-prove	conjectur	2
fluid-polici-prove	subsequ-messag-integ	1
schedul-messag	packet	1
schedul-messag	complex	1
schedul-messag	time	1
schedul-messag	schedul-period	1
schedul-messag	consid	1
schedul-messag	set-messag	1
schedul-messag	appropri	1
schedul-messag	provid-schedul	1
schedul-messag	schedul	3
schedul-messag	arriv	1
schedul-messag	period	1
schedul-messag	latenc-packet	1
schedul-messag	number-packet-servic	1
schedul-messag	arbit	1
schedul-messag	algorithm	1
schedul-messag	number	1
schedul-messag	inukai	1
schedul-messag	interv	1
schedul-messag	input-output-edf	2
schedul-messag	import	1
schedul-messag	messag	2
schedul-messag	input-port-packet	1
free	node-detect-search	1
free	similar	1
free	result-match	1
free	unsuccess	1
free	case	2
free	vertex	2
free	mention	1
free	search-result-match	2
free	node	4
free	detect	4
free	path	1
free	found	2
free	start	2
free	node-step	2
free	success	2
free	search	2
free	augment-path	4
free	node-smaller-weight	3
free	differ	2
free	maximum-match-algorithm	1
length-packet	equal	1
length-packet	start	1
length-packet	slot	1
length-packet	length	1
reason	fluid-polici-time	1
reason	gener-case-theta	2
reason	independ-futur-arriv	2
reason	departur-order-backlog	2
reason	switch	2
reason	fluid	1
reason	packet	2
reason	basic	2
reason	assumpt	2
reason	schedul	1
reason	slot	1
base	deadlin	1
base	result	2
base	potenti	1
base	conjectur	1
base	case	2
base	theta	1
base	experi	1
base	approach	1
base	assumpt	1
base	design-schedul-polici	1
base	subpermut-matric	2
base	extens	2
base	sort	2
base	admit	2
base	instanc	2
base	schedul	6
base	period	3
base	assign-session	1
base	assum	2
base	algorithm	8
base	perform-analysi	1
base	model-messag	2
base	basic	1
base	arbit	2
base	arriv-process	1
base	track-polici-exist	2
base	nonanticip	1
base	complex	3
base	match-algorithm	3
base	link-increas	1
base	fluid-polici-depend	1
base	switch-size	1
base	solut	2
base	capabl	1
base	perfect-track-polici	1
base	construct	2
base	design-track	1
base	node	2
base	multiperiod-tdma-satellit	1
base	weight-node-urgent	1
base	set-elig-link	2
base	match	5
base	poli-cie	1
base	track-polici-implement	1
base	subsequ-messag-integ	2
base	permut	2
base	tize	2
base	backlog	2
base	gile-hajek	2
base	polici-fluid-pack	2
base	track	1
base	begin-slot	2
base	investig	1
base	usag	1
base	step	3
base	prove	1
base	simul	1
base	understand	1
base	arriv	3
base	problem-maximum	2
base	match-select	1
base	link-weight-match	2
base	analysi	2
base	hand	1
base	poor	2
base	vertex-weight	2
base	link	2
base	base-assumpt	1
base	maximum-link	2
base	optimum	2
base	perform	5
base	number	1
base	inukai	1
base	problem	1
base	networkdesign	1
base	convent	2
base	special-case-gile	1
base	messag	2
base	control-servic-disciplin	1
base	maximum-match-algorithm	2
base	quat	2
base	rate-link	2
base	futur	1
base	provid	3
base	repeat	1
base	vertex	2
base	deadlin-packet	2
base	consid	2
base	network	1
base	tradeoff	1
base	switch	3
base	note	1
base	time-slot-futur	1
base	hajek	1
base	schedul-tdma-satellit	1
base	found	4
base	flow	2
base	periment	2
base	inukai-method	1
base	fact	1
base	multiperiod-messag-tdma	1
base	constant-rate	3
base	show	2
base	connect	1
base	weight-match-maximum	2
base	slot	2
base	futur-arriv	1
base	model	3
base	traffic	5
base	analyz	1
base	fluid	1
base	import	1
base	increas	1
base	treat	1
base	special-case-heurist	2
packet-polici-tract	problem-solv	2
packet-polici-tract	trivial	1
packet-polici-tract	tdma	1
packet-polici-tract	fluid-polici-organ	1
packet-polici-tract	fluid	1
packet-polici-tract	fluid-polici-accomplish	1
packet-polici-tract	object	1
element	begin-slot	2
element	algorithm	1
element	noninteg-redefin	1
element	creat	2
element	column	1
hand	network	2
hand	analyz	2
hand	determin	1
hand	switch	1
hand	analysi	1
hand	characterist	1
hand	pattern	1
hand	admit	1
hand	requir	1
hand	applic	1
hand	capabl	2
hand	delay-jitter	1
hand	incom	1
hand	traffic	1
number-packet-time	node-step	1
number-packet-time	packet-time-slot	1
number-packet-time	calcul	2
number-packet-time	least	1
number-packet-time	step	2
number-packet-time	equal-node	2
number-packet-time	link	1
number-packet-time	slot	2
card	comput	1
card	algorithm	2
card	processor	1
card	link-weight-match	1
card	switch	2
card	provid	1
card	link	1
card	concern	2
card	signal	2
card	stage	1
card	arbit	2
card	requir	2
card	weight-link	1
card	node	1
messagesar	uniformli	1
messagesar	period-messag	1
messagesar	experi	2
messagesar	node	2
messagesar	rang	1
departur	conveni	1
departur	track-pol-ici	1
departur	approach-design-packet	1
departur	perform-analysi	1
departur	analyz	2
departur	fluid	1
departur	design	1
departur	sens	2
departur	schedul-polici-design	1
departur	polici-call	1
departur	fluid-polici-implement	2
departur	fluid-polici-packet	1
departur	packet-consid	1
fairli	schedul-algorithm-propos	2
fairli	pattern	1
fairli	output-queue-switch	1
fairli	switch	2
fairli	equal	1
fairli	speed	2
fairli	suffici	1
fairli	packet-consid	1
fairli	fact	1
fairli	arbit	2
fairli	output	1
fairli	servic-packet	1
fairli	size	1
fairli	requir	2
fairli	receiv	2
slot-packet-polici	complet-transmiss-slot	2
slot-packet-polici	track-fluid-polici	1
slot-packet-polici	leftmost	2
slot-packet-polici	number-packet-complet	2
slot-packet-polici	solut-problem	1
slot-packet-polici	port-serv-fcf	2
slot-packet-polici	polici-least	2
slot-packet-polici	matrix-schedul	1
slot-packet-polici	subpermut-matric	1
slot-packet-polici	output-port-fluid	2
slot-packet-polici	switch	1
slot-packet-polici	note	1
slot-packet-polici	found	1
slot-packet-polici	realiz	1
slot-packet-polici	packet-slot	1
slot-packet-polici	transmiss-input-output	2
slot-packet-polici	port-packet-polici	2
slot-packet-polici	fact-packet	2
slot-packet-polici	fluid	2
slot-packet-polici	packet-polici-subpermut	1
slot-packet-polici	end-slot	2
slot-packet-polici	polici-impli-packet	2
length	unit	1
length	alloc	2
length	packet	2
length	period-messag	1
length	repeat	1
length	transfer-input-port	1
length	time	1
length	equal	3
length	attribut	1
length	packet-insid-frame	2
length	lpm-unit-length	1
length	singl	1
length	schedul	1
length	period	2
length	output-port-assum	1
length	start	1
length	inukai-method	2
length	number-packet-servic	1
length	place	2
length	origin	1
length	slot	2
length	maximum	1
length	inukai	1
length	problem	2
length	messag	2
length	exist	1
length	queue	1
place	inukai	1
place	alloc	2
place	packet	1
place	inukai-method	2
place	problem	2
place	packet-insid-frame	2
place	period	1
place	messag	2
place	lpm-unit-length	1
place	singl	1
place	attribut	1
place	origin	1
pure	line-rate	1
pure	pattern	1
pure	sequenc	2
pure	switch-size	1
pure	altern	1
pure	moder	1
pure	output-queue-switch	2
pure	switch	2
pure	speed	2
pure	suffici	2
pure	input-queue-attract	1
pure	match	2
pure	size-switch	1
pure	fact	1
pure	output	2
pure	limit	2
pure	problem	2
pure	capac	1
pure	increas	1
pure	input-output-queue	2
pure	bandwidth	1
port-output-port	track-fluid-polici	1
port-output-port	condit	2
port-output-port	switch-provid	1
port-output-port	total-amount	2
port-output-port	fluid-polici-input	2
port-output-port	algorithm	1
port-output-port	problem	1
port-output-port	end-slot	2
port-output-port	address	1
port-output-port	traffic-transfer	2
special-case-pose	condit	1
special-case-pose	input-queue-schedul	2
special-case-pose	provid	1
special-case-pose	review	1
special-case-pose	tion	1
special-case-pose	switch	2
special-case-pose	messag-tdma-satellit	2
special-case-pose	explain	1
special-case-pose	elabor	1
special-case-pose	show	2
special-case-pose	find	1
special-case-pose	algorithm	1
special-case-pose	polici-exist	1
special-case-pose	problem	2
special-case-pose	section-show	1
special-case-pose	fluid	1
special-case-pose	track-poli-cie	1
special-case-pose	track	1
implement-packet	track-polici-base	2
implement-packet	weight-match-bipartit	2
implement-packet	base-track	2
implement-packet	fluid-polici-track	1
implement-packet	differ	1
implement-packet	weight-link	1
implement-packet	link	1
neglect	miss-packet	2
neglect	deadlin	1
neglect	toler	1
neglect	packet-deadlin	1
neglect	fact	2
neglect	packet	1
neglect	applic	2
neglect	arbit	1
neglect	impos	1
transmiss-input-output	complet-transmiss-slot	2
transmiss-input-output	track-fluid-polici	1
transmiss-input-output	port-exceed	2
transmiss-input-output	leftmost	2
transmiss-input-output	transmiss	2
transmiss-input-output	number-packet-complet	4
transmiss-input-output	note	1
transmiss-input-output	solut-problem	1
transmiss-input-output	polici-least	2
transmiss-input-output	matrix-schedul	1
transmiss-input-output	subpermut-matric	1
transmiss-input-output	output-port-fluid	2
transmiss-input-output	serv-fcf-polici	1
transmiss-input-output	switch	1
transmiss-input-output	port-packet-polici	2
transmiss-input-output	ensur	1
transmiss-input-output	transmiss-slot-packet	1
transmiss-input-output	found	1
transmiss-input-output	realiz	1
transmiss-input-output	packet-slot	1
transmiss-input-output	part	1
transmiss-input-output	fact-packet	3
transmiss-input-output	necessarili	1
transmiss-input-output	port-serv-fcf	2
transmiss-input-output	fluid	4
transmiss-input-output	packet-polici-subpermut	1
transmiss-input-output	end-slot	3
transmiss-input-output	polici-impli-packet	2
origin	frame	1
origin	alloc	1
origin	packet	1
origin	period-messag	1
origin	input-port-destin	2
origin	time	1
origin	packet-insid-frame	1
origin	set-messag	1
origin	end-time-slot	1
origin	take	1
origin	lpm-unit-length	2
origin	begin	1
origin	messag	2
origin	class	1
origin	inukai-method	2
origin	slot	1
origin	consid-fluid	1
origin	inukai	1
origin	output-port-serv	2
origin	interv	1
origin	broad	1
origin	problem	1
rang	design	2
rang	period-messag	2
rang	provid	2
rang	randomli	1
rang	experi	1
rang	uniformli	2
rang	network	1
rang	equal	1
rang	messag	1
rang	node	1
rang	heurist-algorithm-basic	1
rang	perform	2
rang	applic	2
rang	reli	1
rang	show	1
rang	translat	1
rang	probabl	1
rang	servic	2
rang	requir	2
rang	input-output-pair	1
rang	broad	2
perfectli	function	1
perfectli	track-fluid-polici	2
perfectli	arriv	1
perfectli	output-port-function	1
perfectli	theta	1
perfectli	traffic	1
perfectli	schedul-matrix	1
perfectli	back	1
perfectli	nonanticip	1
perfectli	schedul	1
perfectli	arriv-process	1
perfectli	time	1
polici-obtain-nonanticip	polici-exist	1
polici-obtain-nonanticip	depend-futur-arriv	2
polici-obtain-nonanticip	subpermut-matrix-note	1
polici-obtain-nonanticip	note	1
polici-obtain-nonanticip	column	1
polici-obtain-nonanticip	implement	2
polici-obtain-nonanticip	fluid-polici-packet	1
polici-obtain-nonanticip	noninteg-redefin	1
polici-obtain-nonanticip	shown-track	1
polici-obtain-nonanticip	track	1
directli	condit	2
directli	packet	2
directli	altern	2
directli	packet-consid	1
directli	network	2
directli	attempt	1
directli	switch	2
directli	requir	2
directli	approach	2
directli	deadlin	1
directli	traffic	4
directli	perform-analysi	1
directli	belong	2
directli	servic-flow-fluid	1
directli	slot	1
directli	realtim	2
directli	time-slot-note	2
directli	nonanticip	1
directli	satisfact	1
directli	fluid	1
directli	schedul-polici-design	1
directli	exist	1
directli	conveni	1
directli	view	2
servic-configur	configur	1
servic-configur	deadlin	2
servic-configur	lexicograph	1
servic-configur	compon	2
servic-configur	link	1
servic-configur	schedul-polici-edf	1
servic-configur	slot	1
servic-configur	polici-time-slot	1
servic-configur	definit	1
servic-configur	deadlin-vector	2
servic-configur	sort	2
heurist-algorithm-show	simul	2
heurist-algorithm-show	number	2
heurist-algorithm-show	perform	2
heurist-algorithm-show	investig	1
heurist-algorithm-show	gener-case-theta	2
heurist-algorithm-show	provid	2
heurist-algorithm-show	input-queu-switch	2
number	quat	1
number	gener-case-theta	2
number	model-messag	1
number	belong	2
number	class	1
number	investig	1
number	complex	2
number	optim	1
number	packet	1
number	case	2
number	vertex	2
number	unit	2
number	input-queu-switch	2
number	real	2
number	altern	3
number	assumpt	1
number	import	2
number	time-slot-futur	2
number	path	2
number	member	3
number	unit-packet	1
number	schedul	1
number	match	1
number	found	1
number	periment	1
number	provid	2
number	measur	2
number	permit	1
number	arbit	2
number	simul	2
number	transfer-input-port	1
number	consid-fluid	1
number	perform	2
number	node	3
number	input-output-edf	1
number	rate-messag	1
number	packet-polici-time	1
number	includ	1
number	path-odd	2
number	messag	2
number	broad	1
number	slot-fluid-polici	1
number	contradict-optim	1
number	node-path	2
serv-packet	unit	2
serv-packet	output	1
serv-packet	packet	1
serv-packet	queue-switch	1
serv-packet	fluid-packet	1
serv-packet	serv	1
serv-packet	size	1
serv-packet	transfer-input-port	1
serv-packet	track-polici-input	1
serv-packet	time	2
serv-packet	exist	1
serv-packet	capac	2
serv-packet	queue	1
augment-path	node-detect-search	1
augment-path	similar	2
augment-path	result-match	1
augment-path	unsuccess	1
augment-path	case	3
augment-path	vertex	3
augment-path	optim-match-graph	1
augment-path	mention	1
augment-path	search-result-match	3
augment-path	node	5
augment-path	argument	1
augment-path	detect	5
augment-path	path	1
augment-path	match	1
augment-path	found	2
augment-path	start	2
augment-path	node-step	2
augment-path	success	2
augment-path	algorithmfind	1
augment-path	search	2
augment-path	algorithm-deriv	1
augment-path	node-smaller-weight	4
augment-path	differ	2
augment-path	maximum-match-algorithm	2
servic-packet	port-exceed	1
servic-packet	deadlin	1
servic-packet	easi	1
servic-packet	target	1
servic-packet	complet	2
servic-packet	fix-servic-rate	2
servic-packet	output-input-port	1
servic-packet	start	2
servic-packet	switch	3
servic-packet	time-slot-input	1
servic-packet	equal	2
servic-packet	take	2
servic-packet	speed	1
servic-packet	provid-schedul	1
servic-packet	arriv	2
servic-packet	total-servic-rate	1
servic-packet	packet-consid	2
servic-packet	provid	1
servic-packet	specif	2
servic-packet	immedi	2
servic-packet	arbit	1
servic-packet	consid-fluid	1
servic-packet	output-port-connect	1
servic-packet	schedul-algorithm-propos	1
servic-packet	servic	2
servic-packet	size	2
servic-packet	capac	1
servic-packet	requir	1
servic-packet	receiv	1
servic-packet	fluid-polici-assign	2
inukai	alloc	1
inukai	provid-schedul	2
inukai	packet-insid-frame	1
inukai	set-messag	2
inukai	switch	1
inukai	potenti	1
inukai	equal	1
inukai	appropri	1
inukai	lpm-unit-length	1
inukai	schedul	3
inukai	multiperiod-tdma-satellit	1
inukai	period	1
inukai	schedul-tdma-satellit	1
inukai	inukai-method	1
inukai	number-packet-servic	2
inukai	algorithm	2
inukai	maximum	1
inukai	problem	1
inukai	convent	1
inukai	messag	3
inukai	port-period	1
heurist-algorithm-good	motiv	2
heurist-algorithm-good	seek	2
heurist-algorithm-good	result	1
heurist-algorithm-good	fact	2
heurist-algorithm-good	provid	1
heurist-algorithm-good	complet	1
heurist-algorithm-good	show	1
heurist-algorithm-good	intend	1
heurist-algorithm-good	theta-case	1
heurist-algorithm-good	perfect-track-properti	2
heurist-algorithm-good	effici	1
heurist-algorithm-good	approach-design-track	1
miss	packet	1
miss	deadlin	1
miss	note	2
miss	time-slot-node	1
miss	link	1
miss	node-node	1
miss	miss-deadlin	1
lexicograph	configur	2
lexicograph	deadlin	1
lexicograph	compon	1
lexicograph	case	1
lexicograph	schedul-polici-edf	2
lexicograph	polici-time-slot	2
lexicograph	theta	1
lexicograph	definit	2
lexicograph	sort	1
lexicograph	deadlin-vector	2
sincebffc	case	2
sincebffc	relat-correct	2
size	unit	1
size	port-exceed	1
size	queue-switch	2
size	schedul-algorithm-propos	1
size	packet	3
size	output-input-port	1
size	time	1
size	track-polici-input	2
size	column	1
size	fluid-packet	2
size	switch	3
size	time-slot-input	1
size	equal	2
size	speed	1
size	serv	2
size	total-servic-rate	1
size	packet-consid	2
size	arbit	1
size	output-port-connect	1
size	percentag	1
size	capac	2
size	import	1
size	requir	1
size	receiv	1
differ	fluid-polici-track	2
differ	node-detect-search	1
differ	node-smaller-weight	1
differ	result-match	1
differ	weight-link	2
differ	case	1
differ	subcas-relat	1
differ	search-result-match	2
differ	posit-weight	1
differ	detect	2
differ	track-polici-base	1
differ	base-track	1
differ	weight-vertex	1
differ	conclud	2
differ	link	2
differ	node	2
differ	weight-match-bipartit	1
differ	distinguish	2
differ	similar	1
differ	maximum-match-algorithm	1
differ	track	1
differ	assign	1
capac	queue-switch	1
capac	switch	1
capac	packet	2
capac	case	1
capac	altern	2
capac	design-schedul-polici	1
capac	output-queue-switch	2
capac	fluid-packet	1
capac	tion	1
capac	instant	2
capac	equal	1
capac	size-switch	2
capac	applic	2
capac	queue	1
capac	switch-size	2
capac	moder	2
capac	scenario	1
capac	speed	1
capac	match	1
capac	packet-consid	1
capac	arbitrari	2
capac	output	2
capac	total-servic-rate	1
capac	unit	2
capac	port-exceed	1
capac	switch-fabric	1
capac	suffici	2
capac	input-queue-attract	2
capac	fraction	2
capac	link	2
capac	faster	1
capac	perform	1
capac	realist	1
capac	limit	1
capac	problem	1
capac	track-polici-input	1
capac	input-output-queue	1
capac	exist	1
capac	conveni	1
capac	serv	1
capac	transfer-input-port	1
capac	sequenc	1
capac	output-input-port	1
capac	time	5
capac	line-rate	2
capac	time-slot-input	1
capac	assump	1
capac	output-port-connect	1
capac	analyz	1
capac	increas	2
capac	enabl	1
capac	organ	1
capac	bandwidth	2
convent	schedul-tdma-satellit	1
convent	inukai-method	1
convent	switch	1
convent	potenti	1
convent	messag	1
convent	base-assumpt	1
convent	schedul	2
convent	multiperiod-tdma-satellit	1
convent	period	1
interact	processor	1
interact	provid	1
interact	investig	1
interact	comput	2
interact	link	1
interact	stage	2
interact	arbit	1
interact	node	1
interact	calcul	1
special-case-gile	subsequ-messag-integ	1
special-case-gile	gile-hajek	1
special-case-gile	sort	1
special-case-gile	model-messag	1
special-case-gile	hajek	1
special-case-gile	conjectur	1
special-case-gile	period	1
special-case-gile	prove	1
system	transact-network	1
system	schedul-realtim-messag	1
system	deadlin	1
system	packetswitch-network	1
system	effici	1
system	jianyu	1
system	network	1
system	switch	1
system	distribut	1
system	period	1
system	approach-flow-control	1
system	node-case	1
system	gener-processor-share	1
system	schedul	1
system	perform	1
system	algorithm	1
system	shen	1
system	ieeeacm	1
system	guarante	1
system	yong	1
system	junzhou	1
system	hardrealtim	1
system	februari	1
system	inputqueu	1
messag	frame	1
messag	fluid-polici-track	1
messag	packet	3
messag	attribut	1
messag	equal	3
messag	primari-result	1
messag	schedul	4
messag	period	5
messag	theta-switch-concept	1
messag	model-messag	2
messag	arbit	2
messag	multi	2
messag	input-output-edf	1
messag	rate-messag	1
messag	applic	1
messag	input-output-pair	2
messag	track-fluid-polici	1
messag	complex	2
messag	switch-size	2
messag	polici-extend	1
messag	task	2
messag	tdma-satellit-switch	1
messag	set-messag	3
messag	lpm-unit-length	2
messag	investig	2
messag	period-messag	4
messag	messag-period-object	1
messag	simul	3
messag	object-schedul-packet	1
messag	appropri	1
messag	provid-schedul	2
messag	base-assumpt	1
messag	arriv	2
messag	perform	2
messag	algorithm	6
messag	maximum	1
messag	problem	3
messag	fluid-polici-assign	2
messag	port-period	1
messag	probabl	2
messag	alloc	2
messag	percent	1
messag	provid	1
messag	randomli	2
messag	schedul-period	1
messag	packet-insid-frame	2
messag	uniformli	1
messag	conclus	1
messag	network	1
messag	switch	3
messag	singl	1
messag	schedul-tdma-satellit	2
messag	inukai-method	4
messag	notion	1
messag	fact	1
messag	constant-rate	3
messag	number-packet-servic	2
messag	connect	1
messag	slot	1
messag	suppos	1
messag	import	2
control-servic-disciplin	packet	1
control-servic-disciplin	rate-link	1
control-servic-disciplin	kind	1
control-servic-disciplin	case	1
control-servic-disciplin	approach	2
control-servic-disciplin	deadlin-packet	1
control-servic-disciplin	network	1
control-servic-disciplin	model	1
control-servic-disciplin	instanc	2
control-servic-disciplin	arriv	1
control-servic-disciplin	traffic	2
control-servic-disciplin	flow	1
control-servic-disciplin	multiperiod-messag-tdma	2
control-servic-disciplin	constant-rate	2
control-servic-disciplin	arriv-process	2
control-servic-disciplin	slot	1
control-servic-disciplin	assign-session	2
control-servic-disciplin	backlog	1
packet-higher-prioriti	packet	2
packet-higher-prioriti	assum	2
packet-higher-prioriti	loss	1
packet-higher-prioriti	schedul-time-slot	2
packet-higher-prioriti	subpermut-matric	1
packet-higher-prioriti	take	2
packet-higher-prioriti	polici-least	1
packet-higher-prioriti	track-polici-select	1
packet-higher-prioriti	link	2
packet-higher-prioriti	time-slot-assum	1
packet-higher-prioriti	higher-prioriti	2
packet-higher-prioriti	packet-polici-end	1
packet-higher-prioriti	miss-deadlin	1
packet-polici-subpermut	complet-transmiss-slot	1
packet-polici-subpermut	track-fluid-polici	2
packet-polici-subpermut	leftmost	1
packet-polici-subpermut	number-packet-complet	1
packet-polici-subpermut	solut-problem	2
packet-polici-subpermut	port-serv-fcf	1
packet-polici-subpermut	polici-least	1
packet-polici-subpermut	matrix-schedul	2
packet-polici-subpermut	subpermut-matric	2
packet-polici-subpermut	output-port-fluid	1
packet-polici-subpermut	port-packet-polici	1
packet-polici-subpermut	end-slot	1
packet-polici-subpermut	address-problem	1
packet-polici-subpermut	found	2
packet-polici-subpermut	packet-slot	2
packet-polici-subpermut	fact-packet	1
packet-polici-subpermut	fluid	1
packet-polici-subpermut	polici-impli-packet	1
input-output-queue	line-rate	1
input-output-queue	pattern	1
input-output-queue	sequenc	2
input-output-queue	switch-size	1
input-output-queue	altern	1
input-output-queue	moder	1
input-output-queue	output-queue-switch	2
input-output-queue	switch	2
input-output-queue	speed	2
input-output-queue	suffici	2
input-output-queue	input-queue-attract	1
input-output-queue	match	2
input-output-queue	size-switch	1
input-output-queue	fact	1
input-output-queue	output	2
input-output-queue	limit	2
input-output-queue	problem	2
input-output-queue	increas	1
input-output-queue	bandwidth	1
fluid-polici-assign	deadlin	1
fluid-polici-assign	easi	1
fluid-polici-assign	target	1
fluid-polici-assign	provid	1
fluid-polici-assign	complet	2
fluid-polici-assign	fix-servic-rate	2
fluid-polici-assign	randomli	1
fluid-polici-assign	task	2
fluid-polici-assign	switch	2
fluid-polici-assign	equal	1
fluid-polici-assign	take	2
fluid-polici-assign	period-messag	1
fluid-polici-assign	arriv	2
fluid-polici-assign	start	2
fluid-polici-assign	provid-schedul	1
fluid-polici-assign	constant-rate	2
fluid-polici-assign	specif	2
fluid-polici-assign	immedi	2
fluid-polici-assign	slot	1
fluid-polici-assign	consid-fluid	1
fluid-polici-assign	servic	2
fluid-polici-assign	probabl	1
fluid-polici-assign	input-output-pair	1
port-period	algorithm	1
port-period	set-messag	1
port-period	maximum	1
port-period	equal	1
port-period	number-packet-servic	1
port-period	provid-schedul	1
port-period	schedul	1
conveni	track-fluid-polici	1
conveni	condit	1
conveni	packet	1
conveni	belong	1
conveni	fluid-polici-implement	1
conveni	time	1
conveni	fluid	2
conveni	design-schedul-polici	2
conveni	assump	2
conveni	network	1
conveni	approach-design-packet	1
conveni	tion	2
conveni	instant	1
conveni	packet-consid	2
conveni	perform	2
conveni	fluid-polici-deriv	1
conveni	applic	1
conveni	fraction	1
conveni	traffic	1
conveni	perform-analysi	2
conveni	arbitrari	1
conveni	link	1
conveni	design	1
conveni	find	1
conveni	time-slot-note	1
conveni	analyz	3
conveni	schedul-polici-design	2
conveni	enabl	2
conveni	sens	2
final	schedul	1
final	algorithm	2
final	provid	2
final	link	1
final	link-arbit	1
final	approach	1
contradict-optim	belong	2
contradict-optim	member	2
contradict-optim	optim	1
contradict-optim	vertex	2
contradict-optim	altern	2
contradict-optim	assumpt	2
contradict-optim	vice	1
contradict-optim	equal	2
contradict-optim	node-path	1
contradict-optim	node	1
contradict-optim	versa	1
contradict-optim	path	2
contradict-optim	match	1
contradict-optim	includ	2
contradict-optim	node-node	1
contradict-optim	node-greater-weight	2
contradict-optim	path-odd	1
assign	fluid-polici-track	1
assign	packet	1
assign	period-messag	1
assign	weight-link	2
assign	attribut	1
assign	reduc	1
assign	posit-weight	2
assign	singl	1
assign	schedul	1
assign	weight-vertex	2
assign	show	1
assign	vertex-weight	1
assign	link	2
assign	bipartit-graph	1
assign	lessen	1
assign	track	2
polici-impli-packet	complet-transmiss-slot	2
polici-impli-packet	track-fluid-polici	1
polici-impli-packet	leftmost	2
polici-impli-packet	number-packet-complet	2
polici-impli-packet	solut-problem	1
polici-impli-packet	port-serv-fcf	2
polici-impli-packet	polici-least	2
polici-impli-packet	matrix-schedul	1
polici-impli-packet	subpermut-matric	1
polici-impli-packet	output-port-fluid	2
polici-impli-packet	switch	1
polici-impli-packet	note	1
polici-impli-packet	found	1
polici-impli-packet	realiz	1
polici-impli-packet	packet-slot	1
polici-impli-packet	port-packet-polici	2
polici-impli-packet	fact-packet	2
polici-impli-packet	fluid	2
polici-impli-packet	end-slot	2
quat	algorithm	1
quat	link-increas	1
quat	periment	2
quat	fact	1
quat	complex	1
quat	time-slot-futur	1
quat	increas	1
quat	found	2
quat	node	1
quat	tradeoff	1
transact-network	schedul-realtim-messag	1
transact-network	deadlin	1
transact-network	packetswitch-network	1
transact-network	effici	1
transact-network	jianyu	1
transact-network	network	1
transact-network	switch	1
transact-network	distribut	1
transact-network	period	1
transact-network	approach-flow-control	1
transact-network	node-case	1
transact-network	gener-processor-share	1
transact-network	schedul	1
transact-network	perform	1
transact-network	algorithm	1
transact-network	shen	1
transact-network	ieeeacm	1
transact-network	guarante	1
transact-network	yong	1
transact-network	junzhou	1
transact-network	hardrealtim	1
transact-network	februari	1
transact-network	inputqueu	1
alloc	packet	1
alloc	inukai-method	2
alloc	problem	2
alloc	lpm-unit-length	1
alloc	packet-insid-frame	2
alloc	period	1
alloc	singl	1
alloc	attribut	1
switch-provid	track-fluid-polici	2
switch-provid	condit	1
switch-provid	total-amount	1
switch-provid	fluid-polici-input	1
switch-provid	algorithm	2
switch-provid	end-slot	1
switch-provid	traffic-transfer	1
track-polici-deadlin	packet	2
track-polici-deadlin	futur	1
track-polici-deadlin	deadlin	1
track-polici-deadlin	switch-fluid-polici	2
track-polici-deadlin	end-time-slot	2
track-polici-deadlin	equal	2
track-polici-deadlin	nonanticip	1
track-polici-deadlin	fluid-polici-depend	1
track-polici-deadlin	case	2
track-polici-deadlin	rate-link	1
track-polici-deadlin	futur-arriv	1
track-polici-deadlin	detect	1
node-detect-search	search-result-match	1
node-detect-search	result-match	1
node-detect-search	node-smaller-weight	1
node-detect-search	node	1
node-detect-search	detect	1
attempt	weight-link	1
attempt	optim	2
attempt	function	2
attempt	approach	1
attempt	altern	1
attempt	posit-weight	1
attempt	switch	1
attempt	weight-node-match	2
attempt	schedul	1
attempt	reduc	1
attempt	match	2
attempt	propos	1
attempt	traffic	1
attempt	weight-vertex	1
attempt	show	1
attempt	vertex-weight	1
attempt	servic-flow-fluid	1
attempt	realtim	1
attempt	nonanticip	1
attempt	view	1
attempt	lessen	1
attempt	requir	1
attempt	exist	1
schedul-time-unit	equal	1
schedul-time-unit	latenc-packet	1
schedul-time-unit	tabl	1
schedul-time-unit	deadlin	2
criterion-optim-base	suppos	1
criterion-optim-base	graph-base-summat	1
criterion-optim-base	summat-criterion	1
critic-link-miss	link-increas	1
critic-link-miss	deadlin	2
critic-link-miss	algorithm	1
critic-link-miss	fact	1
critic-link-miss	complex	1
critic-link-miss	remov	1
critic-link-miss	tradeoff	1
critic-link-miss	increas	1
critic-link-miss	link-critic-port	1
serv	unit	1
serv	packet	2
serv	queue-switch	2
serv	fluid-packet	2
serv	track-polici-input	2
serv	time	1
kind	arriv-process	1
kind	packet	2
kind	traffic	2
kind	multiperiod-messag-tdma	1
kind	constant-rate	1
kind	instanc	2
kind	case	2
kind	network	2
kind	assign-session	2
kind	approach	1
kind	slot	2
target	track-fluid-polici	1
target	arriv	1
target	deadlin	2
target	servic	1
target	provid-packet-polici	1
target	switch	1
target	complet	1
target	fix-servic-rate	1
target	take	1
target	packet-polici-constraint	1
target	specif	1
target	immedi	1
target	packet-polici-satisfi	1
target	delay-constraint	1
target	start	1
provid	fluid-polici-track	1
provid	result	2
provid	input-queue-schedul	1
provid	review	2
provid	algorithm-good-perfect	1
provid	theta	1
provid	approach	1
provid	subpermut-matric	2
provid	tion	2
provid	easi	2
provid	investig	1
provid	track-polici-port	1
provid	address	1
provid	track-polici-prove	1
provid	theta-switch-concept	1
provid	nonanticip-polici-exist	1
provid	basic	2
provid	gener-case-heurist	1
provid	immedi	1
provid	arbit	2
provid	perflow	2
provid	servic	3
provid	track-polici-exist	2
provid	track-poli-cie	2
provid	applic	4
provid	motiv	1
provid	stage	3
provid	complet	3
provid	solut-problem	1
provid	solut	2
provid	polici-extend	1
provid	perfect-track-polici	1
provid	tdma-satellit-switch	2
provid	polici-prove	2
provid	design-track	1
provid	approach-design-track	2
provid	node	3
provid	valid	1
provid	weight-node-urgent	2
provid	set-elig-link	2
provid	match	1
provid	heurist-track-polici	2
provid	elabor	2
provid	measur	1
provid	specif	1
provid	signal	1
provid	consid-fluid	2
provid	confirm	1
provid	broad	2
provid	definit	1
provid	uniti	1
provid	condit	2
provid	fluid-polici-manner	1
provid	design	2
provid	simul	2
provid	multiperiod-messag-exist	1
provid	stanc	1
provid	neighbor	1
provid	processor	2
provid	effici	2
provid	explain	2
provid	provid-schedul	2
provid	arriv	1
provid	match-select	2
provid	reli	1
provid	packet-track-polici	1
provid	link	4
provid	translat	1
provid	notion-port-track	1
provid	uneighbor	2
provid	schedul	3
provid	perform	6
provid	algorithm	5
provid	consist	1
provid	problem	2
provid	circum	1
provid	switch-heurist-algorithm	1
provid	aggreg-traffic	1
provid	special-case-theta	3
provid	comput	2
provid	fix-servic-rate	1
provid	intend	2
provid	perfect-track-properti	1
provid	vertex	1
provid	stricter	1
provid	input-queu-switch	2
provid	input-port-output	1
provid	consid	1
provid	nonanticip-track-polici	2
provid	start	1
provid	conclus	1
provid	network	3
provid	seek	1
provid	gener-case-theta	3
provid	switch	5
provid	track-properti	1
provid	take	1
provid	messag-tdma-satellit	2
provid	concern	1
provid	link-arbit	1
provid	object	1
provid	heurist-algorithm-basic	1
provid	pair	1
provid	found	1
provid	flow	2
provid	propos	1
provid	notion	2
provid	fact	1
provid	show	2
provid	session	1
provid	find	1
provid	switch-exist-track	2
provid	condit-schedul	1
provid	fluid	2
provid	import	1
provid	requir	3
provid	organ	1
provid	special-case-heurist	2
remov	deadlin	1
remov	approach	1
remov	consid	1
remov	critic-link-increas	1
remov	base-node-weight	1
remov	node-priorit	1
remov	schedul	2
remov	match	2
remov	includ	2
remov	higher-prioriti	2
remov	link	2
remov	node	2
remov	node-greater-weight	1
remov	exceed	1
remov	increas-weight-critic	1
remov	link-critic-port	2
fix-servic-rate	arriv	2
fix-servic-rate	deadlin	1
fix-servic-rate	servic	2
fix-servic-rate	switch	2
fix-servic-rate	provid-schedul	1
fix-servic-rate	complet	2
fix-servic-rate	start	2
fix-servic-rate	take	2
fix-servic-rate	specif	2
fix-servic-rate	immedi	2
fix-servic-rate	consid-fluid	1
fix-servic-rate	easi	1
transfer-input-port	unit	4
transfer-input-port	packet	1
transfer-input-port	permit	2
transfer-input-port	time	2
transfer-input-port	assumpt	1
transfer-input-port	time-slot-input	1
transfer-input-port	equal	1
transfer-input-port	transmit	1
transfer-input-port	unit-packet	1
transfer-input-port	output-port-assum	1
transfer-input-port	real	1
transfer-input-port	measur	1
transfer-input-port	slot	1
transfer-input-port	output	2
transfer-input-port	exist	2
transfer-input-port	queue	2
critic-link-critic	track-fluid-polici	1
critic-link-critic	problem	1
critic-link-critic	link	1
critic-link-critic	urgent-schedul	1
critic-link-critic	track-polici-loos	1
critic-link-critic	schedul	1
critic-link-critic	track	1
singl-link-case	track-fluid-polici	1
singl-link-case	packet	2
singl-link-case	result	2
singl-link-case	futur	1
singl-link-case	nonanticip-track-algorithm	2
singl-link-case	end-time-slot	2
singl-link-case	sens	1
singl-link-case	posit	1
singl-link-case	theta	1
singl-link-case	nonanticip-track-polici	2
singl-link-case	extend	1
singl-link-case	track-polici-suggest	3
singl-link-case	approach-design-packet	1
singl-link-case	time-slot-deadlin	2
singl-link-case	obtain-track	1
singl-link-case	switch	1
singl-link-case	effici	1
singl-link-case	track-polici-theta	1
singl-link-case	assumpt	2
singl-link-case	singl	1
singl-link-case	schedul	1
singl-link-case	arriv	1
singl-link-case	valid	1
singl-link-case	question	1
singl-link-case	fluid-polici-deriv	1
singl-link-case	fact	2
singl-link-case	theta-case	1
singl-link-case	session	1
singl-link-case	link	1
singl-link-case	exist-packet	2
singl-link-case	find	1
singl-link-case	base-assumpt	1
singl-link-case	theta-switch-recal	1
singl-link-case	multioutput	1
singl-link-case	analyz	1
singl-link-case	properti	2
singl-link-case	similar	2
singl-link-case	calcul	1
singl-link-case	track-polici-exist	1
singl-link-case	case	2
singl-link-case	track-polici-perform	1
packet-polici-fact	prove-special-case	1
packet-polici-fact	construct	1
packet-polici-fact	track	1
sens	track-fluid-polici	2
sens	design	1
sens	fluid-polici-packet	1
sens	fluid	1
sens	design-schedul-polici	1
sens	approach-design-packet	3
sens	tion	1
sens	assump	1
sens	polici-call	1
sens	fluid-polici-deriv	2
sens	packet-consid	1
sens	perform-analysi	1
sens	fact	1
sens	fluid-polici-implement	2
sens	exist-packet	1
sens	find	2
sens	perform	1
sens	track-pol-ici	1
sens	analyz	3
sens	schedul-polici-design	1
sens	enabl	1
posit	question	1
posit	track-polici-exist	1
posit	case	1
posit	session	2
posit	link	1
posit	singl	1
heurist-algorithm-investig	heurist-algorithm-continu	1
heurist-algorithm-investig	section-schedul-tdma	1
heurist-algorithm-investig	satellit-switch-provid	1
heurist-algorithm-investig	analysi	1
heurist-algorithm-investig	primari-result	1
stricter	solut	1
stricter	fluid-polici-packet	1
stricter	recent	1
stricter	prove	1
stricter	subpermut-matric	1
stricter	total-amount	1
stricter	traffic-transfer	1
stricter	switch	1
stricter	address	2
stricter	flow	1
stricter	notion	1
stricter	neighbor	2
stricter	uneighbor	1
stricter	problem	2
stricter	track-polici-theta	1
stricter	track-poli-cie	2
stricter	definit	4
randomli	task	1
randomli	uniformli	1
randomli	probabl	2
randomli	period-messag	1
randomli	constant-rate	1
randomli	equal	2
randomli	input-output-pair	2
function	track-fluid-polici	1
function	weight-link	1
function	optim	2
function	theta	2
function	fluid	1
function	posit-weight	1
function	weight-node-match	2
function	schedul	3
function	arriv	2
function	match	2
function	propos	1
function	traffic	2
function	weight-vertex	1
function	show	1
function	vertex-weight	1
function	schedul-matrix	2
function	reduc	1
function	back	2
function	arriv-process	2
function	slot	1
function	fluid-polici-time	1
function	output-port-function	2
function	lessen	1
function	nonanticip	2
function	time	2
deadlin-packet	deadlin	2
deadlin-packet	futur	1
deadlin-packet	futur-arriv	1
deadlin-packet	fluid-polici-depend	1
deadlin-packet	time-frame	1
deadlin-packet	time	1
deadlin-packet	approach	1
deadlin-packet	rate-link	2
deadlin-packet	model	2
deadlin-packet	time-stamp	1
deadlin-packet	object-schedul-packet	1
deadlin-packet	instanc	2
deadlin-packet	arriv	2
deadlin-packet	flow	2
deadlin-packet	multiperiod-messag-tdma	1
deadlin-packet	constant-rate	1
deadlin-packet	arriv-process	1
deadlin-packet	assign-session	1
deadlin-packet	backlog	2
deadlin-packet	traffic	2
deadlin-packet	nonanticip	1
input-port-output	uniti	2
input-port-output	aggreg-traffic	2
input-port-output	constraint	1
input-port-output	consid	1
input-port-output	prove	1
input-port-output	easi	1
input-port-output	provid-schedul	2
input-port-output	question	1
input-port-output	show	2
input-port-output	basic	1
input-port-output	perflow-track	1
input-port-output	theta-switch-basic	1
input-port-output	consid-fluid	1
input-port-output	perlink-track-polici	1
input-port-output	exist	1
input-port-output	condit-schedul	2
subcas-relat	distinguish	1
subcas-relat	conclud	1
subcas-relat	case	1
subcas-relat	noninteg	1
packet-insid-frame	packet	1
packet-insid-frame	inukai-method	2
packet-insid-frame	problem	2
packet-insid-frame	lpm-unit-length	1
packet-insid-frame	period	1
packet-insid-frame	singl	1
packet-insid-frame	attribut	1
nonanticip-track-polici	fluid-polici-manner	1
nonanticip-track-polici	result	2
nonanticip-track-polici	nonanticip-track-algorithm	2
nonanticip-track-polici	case	1
nonanticip-track-polici	theta	1
nonanticip-track-polici	object	1
nonanticip-track-polici	assumpt	2
nonanticip-track-polici	stanc	1
nonanticip-track-polici	switch	1
nonanticip-track-polici	track-properti	1
nonanticip-track-polici	polici-prove	2
nonanticip-track-polici	special-case-theta	2
nonanticip-track-polici	valid	1
nonanticip-track-polici	propos	1
nonanticip-track-polici	theta-case	1
nonanticip-track-polici	gener-case-heurist	1
nonanticip-track-polici	algorithm-good-perfect	1
nonanticip-track-polici	find	1
nonanticip-track-polici	switch-exist-track	2
nonanticip-track-polici	theta-switch-recal	1
nonanticip-track-polici	properti	2
nonanticip-track-polici	similar	2
nonanticip-track-polici	track-polici-theta	1
nonanticip-track-polici	circum	1
argument	optim-match-graph	2
argument	eventu	1
argument	case	3
argument	continu	1
argument	rest	1
argument	note	2
argument	fashion	1
argument	noninteg	2
argument	uneighbor	1
argument	show-hold	2
argument	algorithm-deriv	2
argument	optim	1
argument	similar	1
argument	maximum-match-algorithm	1
critic-link-increas	constant	1
critic-link-increas	increas-weight-critic	1
critic-link-increas	link-critic-port	1
critic-link-increas	schedul	2
base-node-weight	match	1
base-node-weight	includ	1
base-node-weight	node-priorit	2
base-node-weight	priorit-criterion	1
base-node-weight	higher-prioriti	1
base-node-weight	node	1
base-node-weight	node-greater-weight	2
problem-solv	polici-convert	2
problem-solv	theta	1
problem-solv	fluid-polici-packet	1
problem-solv	obtain-track	2
problem-solv	shown-track	1
problem-solv	mention	2
problem-solv	fluid-polici-organ	1
problem-solv	tdma	1
problem-solv	switch	1
problem-solv	deadlin-schedul	2
problem-solv	object	1
problem-solv	fluid-polici-accomplish	1
problem-solv	trivial	1
problem-solv	algorithm	1
problem-solv	polici-exist	1
problem-solv	problem	2
problem-solv	fluid	1
tabl	network	2
tabl	packet	1
tabl	number-packet-latenc	2
tabl	deadlin	1
tabl	switch	2
tabl	percentag	1
tabl	constant-rate	2
tabl	concern	2
tabl	applic	2
tabl	schedul-work	2
tabl	case	2
tabl	schedul	3
tabl	column	1
tabl	traffic	2
total-amount	track-fluid-polici	1
total-amount	condit	2
total-amount	fluid-polici-input	2
total-amount	fluid-polici-packet	2
total-amount	flow	2
total-amount	servic-flow-fluid	1
total-amount	traffic-transfer	4
total-amount	end-slot	2
total-amount	address	1
total-amount	specif	1
total-amount	algorithm	1
total-amount	problem	1
total-amount	track-poli-cie	1
total-amount	definit	1
seek	motiv	2
seek	effici	1
seek	result	1
seek	fact	2
seek	complet	1
seek	show	1
seek	intend	1
seek	theta-case	1
seek	perfect-track-properti	2
seek	approach-design-track	1
posit-weight	fluid-polici-track	1
posit-weight	weight-link	3
posit-weight	optim	1
posit-weight	reduc	2
posit-weight	weight-node-match	1
posit-weight	schedul	2
posit-weight	match	1
posit-weight	weight-vertex	3
posit-weight	show	2
posit-weight	vertex-weight	2
posit-weight	link	4
posit-weight	bipartit-graph	1
posit-weight	elig-link-set	2
posit-weight	lessen	2
posit-weight	track	2
approach-design-packet	track-fluid-polici	2
approach-design-packet	fluid-polici-packet	1
approach-design-packet	design-schedul-polici	1
approach-design-packet	tion	1
approach-design-packet	assump	1
approach-design-packet	polici-call	1
approach-design-packet	fluid-polici-deriv	2
approach-design-packet	fact	1
approach-design-packet	fluid-polici-implement	1
approach-design-packet	exist-packet	1
approach-design-packet	find	2
approach-design-packet	perform	1
approach-design-packet	track-pol-ici	1
approach-design-packet	analyz	2
approach-design-packet	enabl	1
time-stamp	deadlin	2
time-stamp	suppos	1
time-stamp	packet-packet	1
time-stamp	object-schedul-packet	1
time-stamp	switch	2
time-stamp	instanc	2
time-stamp	packet	1
time-stamp	time-frame	1
time-stamp	arriv	2
time-stamp	time	1
time-slot-deadlin	futur	1
time-slot-deadlin	arriv	1
time-slot-deadlin	base-assumpt	1
time-slot-deadlin	calcul	1
time-slot-deadlin	end-time-slot	2
time-slot-deadlin	packet	2
time-slot-deadlin	obtain-track	1
equival	mention	2
equival	prove	2
equival	graph-base-summat	1
equival	consid	1
equival	show	2
equival	node	1
equival	lemma	2
equival	approach	1
equival	structur	2
equival	schedul	1
equival	bipartit-graph	1
gener-case-theta	switch-heurist-algorithm	1
gener-case-theta	packet	2
gener-case-theta	input-queu-switch	3
gener-case-theta	assumpt	2
gener-case-theta	simul	2
gener-case-theta	switch	2
gener-case-theta	investig	2
gener-case-theta	track-polici-port	1
gener-case-theta	schedul	2
gener-case-theta	valid	1
gener-case-theta	notion	1
gener-case-theta	show	1
gener-case-theta	measur	1
gener-case-theta	basic	2
gener-case-theta	slot	1
gener-case-theta	perform	2
gener-case-theta	fluid-polici-time	1
gener-case-theta	departur-order-backlog	2
gener-case-theta	fluid	1
gener-case-theta	import	1
gener-case-theta	confirm	1
gener-case-theta	independ-futur-arriv	2
switch	complet-transmiss-slot	1
switch	packet	9
switch	deadlin	5
switch	result	3
switch	input-queue-schedul	2
switch	servic-flow-fluid	1
switch	potenti	2
switch	pattern	4
switch	port-serv-fcf	1
switch	prove-special-case	3
switch	theta	8
switch	altern	3
switch	assumpt	3
switch	schedul-realtim-messag	1
switch	output-queue-switch	3
switch	easi	1
switch	equal	1
switch	maximum-match-algorithm	1
switch	primari-result	1
switch	schedul	11
switch	period	4
switch	track-polici-prove	1
switch	algorithm	9
switch	problem-maximum	1
switch	approach-flow-control	2
switch	weight-link	1
switch	polici-least	1
switch	fluid-polici-track	2
switch	gener-case-heurist	1
switch	track	1
switch	immedi	2
switch	arbit	4
switch	leftmost	1
switch	condit	2
switch	node	3
switch	fluid-polici-time	1
switch	polici-exist	1
switch	nonanticip-track-algorithm	1
switch	review	2
switch	multi	2
switch	servic	2
switch	properti	1
switch	nonanticip	1
switch	polici-satisfi	1
switch	track-poli-cie	3
switch	basic	2
switch	junzhou	1
switch	case	3
switch	incom	2
switch	track-fluid-polici	3
switch	schedul-algorithm-propos	2
switch	fluid-polici-input	1
switch	queue	1
switch	complex	1
switch	match-algorithm	1
switch	complet	2
switch	calcul	1
switch	number-packet-latenc	2
switch	capabl	1
switch	polici-extend	1
switch	moder	1
switch	tdma-satellit-switch	2
switch	approach	2
switch	inputqueu	1
switch	elabor	3
switch	shape	2
switch	speed	4
switch	special-case-theta	5
switch	multiperiod-tdma-satellit	2
switch	valid	1
switch	theorem	2
switch	match	3
switch	applic	4
switch	loss	1
switch	realiz	2
switch	induc	1
switch	node-case	1
switch	measur	1
switch	specif	2
switch	signal	2
switch	exist	2
switch	extens	2
switch	characterist	2
switch	output-port-fluid	1
switch	consid-fluid	1
switch	multiperiod-messag-exist	1
switch	shen	1
switch	critic-link-schedul	1
switch	provid-schedul	1
switch	percentag	2
switch	processor	1
switch	guarante	1
switch	arbitrari	1
switch	definit	1
switch	tion	2
switch	limit	2
switch	investig	1
switch	period-messag	1
switch	jianyu	1
switch	percent	2
switch	obtain-track	1
switch	realtim	2
switch	prove	3
switch	simul	2
switch	effici	1
switch	deadlin-schedul	1
switch	instanc	2
switch	arriv	5
switch	suffici	3
switch	ensur	1
switch	output	3
switch	messag-period-object	1
switch	link-weight-match	2
switch	poor	1
switch	theta-case	1
switch	link	2
switch	repeat	1
switch	maximum-link	2
switch	perform	3
switch	problem	5
switch	packet-time-slot	1
switch	similar	1
switch	switch-size	1
switch	yong	1
switch	perlink-track-polici	1
switch	input-queue-attract	1
switch	traffic	5
switch	probabl	1
switch	packetswitch-network	1
switch	polici-convert	1
switch	column	2
switch	packet-polici-section	1
switch	explain	2
switch	time-slot-speed	1
switch	number-packet-complet	1
switch	sequenc	2
switch	output-input-port	1
switch	schedul-period	1
switch	size-switch	1
switch	consid	3
switch	start	2
switch	conclus	1
switch	gener-processor-share	2
switch	end-slot	1
switch	recent	2
switch	line-rate	1
switch	note	2
switch	track-properti	1
switch	stage	3
switch	take	2
switch	messag-tdma-satellit	3
switch	port-packet-polici	1
switch	track-polici-theta	2
switch	concern	3
switch	singl	1
switch	schedul-work	1
switch	distribut	1
switch	mention	1
switch	schedul-tdma-satellit	4
switch	determin	2
switch	propos	1
switch	notion	3
switch	fact	4
switch	network	6
switch	constant-rate	1
switch	show	3
switch	hardrealtim	1
switch	speedup	2
switch	least	1
switch	comput	1
switch	weight-match-maximum	2
switch	perflow-track	1
switch	conjectur	3
switch	trivial	1
switch	find	1
switch	slot	1
switch	independ-futur-arriv	2
switch	fact-packet	1
switch	februari	1
switch	algorithm-good-perfect	1
switch	output-port-connect	1
switch	suppos	1
switch	analyz	1
switch	packet-consid	1
switch	departur-order-backlog	2
switch	section-show	2
switch	satisfact	1
switch	fluid	4
switch	ieeeacm	1
switch	import	1
switch	increas	1
switch	requir	7
switch	receiv	2
switch	organ	1
switch	delay-jitter	2
switch	bandwidth	1
switch	common	1
switch	view	2
switch	step	1
note	complet-transmiss-slot	1
note	packet	1
note	deadlin	1
note	rest	1
note	port-serv-fcf	1
note	assumpt	1
note	subpermut-matric	1
note	distinguish	1
note	schedul	2
note	miss-deadlin	1
note	fashion	1
note	assum	2
note	fluid-polici-time	1
note	depend-futur-arriv	1
note	calcul	1
note	singl-column-gammax	2
note	polici-least	1
note	departur-order-obtain	1
note	case	3
note	eventu	1
note	construct	1
note	realiz	2
note	traffic	1
note	contradict	2
note	fluid-polici-start	1
note	permut	1
note	tize	1
note	polici-fluid-pack	1
note	definit	1
note	begin-slot	1
note	leftmost	1
note	futur-arriv	2
note	continu	1
note	column	1
note	prove	1
note	output-port-fluid	1
note	end-slot	1
note	ensur	1
note	chang	1
note	base-assumpt	1
note	arriv	1
note	time-slot-node	1
note	link	1
note	uneighbor	1
note	show-hold	2
note	futur	1
note	number-packet-complet	1
note	time	2
note	transmiss-packet	1
note	implement	1
note	sincex	2
note	port-packet-polici	1
note	found	1
note	fact	2
note	show	3
note	noninteg	2
note	node-node	1
note	slot	1
note	fact-packet	2
note	fluid	1
note	order-packet-departur	2
time-slot-input	unit	1
time-slot-input	port-exceed	2
time-slot-input	transmiss	1
time-slot-input	permit	1
time-slot-input	output-input-port	2
time-slot-input	time	1
time-slot-input	assumpt	2
time-slot-input	equal	1
time-slot-input	transmit	2
time-slot-input	port-capac	1
time-slot-input	packet-consid	1
time-slot-input	slot	2
time-slot-input	output	1
time-slot-input	output-port-connect	2
time-slot-input	total-servic-rate	2
time-slot-futur	periment	1
time-slot-futur	found	1
time-slot-futur	node	2
take	packet	2
take	deadlin	1
take	easi	1
take	complet	2
take	time	2
take	assum	2
take	subpermut-matric	1
take	end-time-slot	2
take	track-polici-select	1
take	provid-schedul	1
take	arriv	2
take	miss-deadlin	1
take	time-slot-assum	1
take	loss	1
take	begin	2
take	specif	2
take	higher-prioriti	2
take	input-port-destin	1
take	link	2
take	immedi	2
take	packet-polici-end	1
take	slot	2
take	consid-fluid	1
take	servic	2
take	schedul-time-slot	2
take	interv	2
take	polici-least	1
take	output-port-serv	1
take	start	3
messag-tdma-satellit	condit	2
messag-tdma-satellit	input-queue-schedul	2
messag-tdma-satellit	review	2
messag-tdma-satellit	tion	2
messag-tdma-satellit	explain	2
messag-tdma-satellit	elabor	2
messag-tdma-satellit	show	2
messag-tdma-satellit	find	1
messag-tdma-satellit	algorithm	1
messag-tdma-satellit	polici-exist	1
messag-tdma-satellit	problem	2
messag-tdma-satellit	section-show	1
messag-tdma-satellit	fluid	2
messag-tdma-satellit	track-poli-cie	2
messag-tdma-satellit	organ	1
messag-tdma-satellit	track	1
port-packet-polici	complet-transmiss-slot	2
port-packet-polici	track-fluid-polici	1
port-packet-polici	leftmost	2
port-packet-polici	number-packet-complet	2
port-packet-polici	solut-problem	1
port-packet-polici	port-serv-fcf	2
port-packet-polici	polici-least	2
port-packet-polici	matrix-schedul	1
port-packet-polici	subpermut-matric	1
port-packet-polici	output-port-fluid	2
port-packet-polici	found	1
port-packet-polici	realiz	1
port-packet-polici	packet-slot	1
port-packet-polici	fact-packet	2
port-packet-polici	fluid	2
port-packet-polici	end-slot	2
transmit	output	1
transmit	assumpt	2
transmit	transmiss	1
transmit	permit	1
transmit	unit	1
transmit	slot	1
concern	weight-link	1
concern	case	1
concern	stage	1
concern	network	1
concern	number-packet-latenc	1
concern	processor	1
concern	link	1
concern	schedul-work	2
concern	comput	1
concern	algorithm	2
concern	link-weight-match	1
concern	traffic	2
concern	constant-rate	2
concern	signal	2
concern	arbit	2
concern	schedul	2
concern	node	1
concern	requir	2
concern	applic	1
hajek	subsequ-messag-integ	1
hajek	gile-hajek	1
hajek	model-messag	1
hajek	sort	1
hajek	conjectur	1
hajek	period	1
hajek	prove	1
time-slot-assum	packet	1
time-slot-assum	assum	1
time-slot-assum	loss	1
time-slot-assum	schedul-time-slot	1
time-slot-assum	track-polici-select	1
time-slot-assum	subpermut-matric	1
time-slot-assum	link	1
time-slot-assum	higher-prioriti	1
singl	packet	2
singl	link	1
singl	period-messag	1
singl	case	2
singl	attribut	2
singl	gener-processor-share	2
singl	schedul	1
singl	period	2
singl	question	1
singl	inukai-method	1
singl	approach-flow-control	2
singl	node-case	1
singl	session	1
singl	node	2
singl	problem	1
singl	track-polici-exist	1
singl	shape	1
begin	packet	3
begin	deadlin	1
begin	transmiss	1
begin	futur	1
begin	transmiss-packet	2
begin	serv-fcf-polici	1
begin	link-critic-port	1
begin	end-time-slot	2
begin	fluid-polici-start	1
begin	start	1
begin	transmiss-slot-packet	1
begin	part	1
begin	input-port-destin	1
begin	packet-polici-note	1
begin	node-node	1
begin	slot	2
begin	fluid-polici-time	1
begin	fact-packet	2
begin	necessarili	1
begin	suppos	2
begin	output-port-serv	1
begin	interv	2
begin	miss-deadlin	1
begin	end-slot	1
begin	time	2
unit-packet	unit	1
unit-packet	measur	1
unit-packet	permit	1
unit-packet	real	1
distribut	schedul-realtim-messag	1
distribut	deadlin	1
distribut	packetswitch-network	1
distribut	effici	1
distribut	jianyu	1
distribut	network	1
distribut	schedul	1
distribut	period	1
distribut	approach-flow-control	1
distribut	node-case	1
distribut	gener-processor-share	1
distribut	perform	1
distribut	algorithm	1
distribut	shen	1
distribut	ieeeacm	1
distribut	guarante	1
distribut	yong	1
distribut	junzhou	1
distribut	hardrealtim	1
distribut	februari	1
distribut	inputqueu	1
buffer	traffic	1
buffer	shape	1
buffer	multiplex	2
buffer	optim	2
buffer	requir	2
buffer	singl-link-delay	2
object	trivial	2
object	fluid-polici-manner	2
object	model	1
object	satellit-switch-input	1
object	stanc	2
object	special-case-theta	2
object	fluid	1
object	tdma	2
object	polici-prove	1
object	packet	1
object	fluid-polici-accomplish	2
object	circum	2
object	find	2
object	switch-exist-track	1
object	queue	1
deadlin-satisfi	suppos	1
deadlin-satisfi	deadlin	1
deadlin-satisfi	meet	1
deadlin-satisfi	packet-deadlin	1
deadlin-satisfi	sequenc	1
deadlin-satisfi	schedul	1
heurist-algorithm-basic	applic	1
heurist-algorithm-basic	design	1
heurist-algorithm-basic	reli	2
heurist-algorithm-basic	servic	1
heurist-algorithm-basic	heurist-track-polici	1
heurist-algorithm-basic	broad	1
heurist-algorithm-basic	show	2
heurist-algorithm-basic	requir	1
heurist-algorithm-basic	notion-port-track	1
heurist-algorithm-basic	perform	1
detect	track-fluid-polici	1
detect	packet	1
detect	precis	1
detect	node-smaller-weight	4
detect	result-match	1
detect	found	2
detect	start	2
detect	end-time-slot	1
detect	unsuccess	1
detect	case	3
detect	state	1
detect	vertex	3
detect	track-polici-loos	1
detect	time	1
detect	mention	1
detect	search-result-match	3
detect	switch-fluid-polici	1
detect	equal	2
detect	suffici-condit-port	1
detect	schedul	1
detect	critic-node-section	1
detect	path	1
detect	match	1
detect	packet-deadlin	1
detect	node-step	2
detect	similar	1
detect	suffici-condit-word	1
detect	least	1
detect	link	2
detect	algorithmfind	1
detect	search	2
detect	node	5
detect	success	2
detect	urgent-schedul	1
detect	maximum-match-algorithm	1
detect	definit	1
detect	denot	1
pair	consist	2
pair	flow	2
pair	aggreg-traffic	2
pair	session	2
pair	perflow	1
pair	node	2
class	unit	1
class	consid-fluid	2
class	packet	2
class	output-port-serv	1
class	input-port-destin	1
class	packet-polici-time	1
class	measur	1
class	broad	2
class	real	1
class	slot-fluid-polici	1
track-polici-base	fluid-polici-track	1
track-polici-base	weight-match-bipartit	2
track-polici-base	base-track	2
track-polici-base	weight-link	1
track-polici-base	link	1
schedul-tdma-satellit	algorithm	2
schedul-tdma-satellit	messag-period-object	1
schedul-tdma-satellit	multi	2
schedul-tdma-satellit	suppos	1
schedul-tdma-satellit	period-messag	1
schedul-tdma-satellit	potenti	2
schedul-tdma-satellit	arriv	1
schedul-tdma-satellit	schedul-period	1
schedul-tdma-satellit	primari-result	1
schedul-tdma-satellit	schedul	1
schedul-tdma-satellit	multiperiod-tdma-satellit	2
schedul-tdma-satellit	period	1
found	complet-transmiss-slot	1
found	port-serv-fcf	1
found	case	1
found	subpermut-matric	4
found	path	1
found	assum	2
found	nonanticip-polici-exist	2
found	search	2
found	polici-least	1
found	track-fluid-polici	2
found	complex	1
found	link-increas	1
found	solut-problem	2
found	mention	1
found	construct	2
found	node	3
found	node-step	2
found	heurist-track-polici	1
found	traffic	2
found	success	2
found	permut	2
found	tize	2
found	polici-fluid-pack	2
found	begin-slot	2
found	leftmost	1
found	unsuccess	1
found	matrix-schedul	2
found	output-port-fluid	1
found	end-slot	1
found	address-problem	1
found	start	2
found	algorithm	1
found	number-packet-complet	1
found	vertex	2
found	special-case-switch	1
found	shown-track	1
found	tradeoff	1
found	packet-slot	2
found	periment	2
found	fact	1
found	show	2
found	slot	2
found	fact-packet	1
found	node-smaller-weight	2
found	fluid	1
found	increas	1
flow	deadlin	1
flow	futur	1
flow	futur-arriv	1
flow	aggreg-traffic	2
flow	fluid-polici-packet	2
flow	approach	1
flow	consist	2
flow	servic-flow-fluid	1
flow	rate-link	2
flow	model	2
flow	instanc	2
flow	node	2
flow	arriv	2
flow	traffic	2
flow	multiperiod-messag-tdma	1
flow	constant-rate	1
flow	track-poli-cie	1
flow	specif	1
flow	session	2
flow	perflow	2
flow	arriv-process	1
flow	traffic-transfer	2
flow	assign-session	1
flow	packet-track-polici	1
flow	backlog	2
flow	nonanticip	1
flow	fluid-polici-depend	1
flow	definit	1
periment	algorithm	1
periment	link-increas	1
periment	fact	1
periment	complex	1
periment	increas	1
periment	node	1
periment	tradeoff	1
inukai-method	frame	2
inukai-method	packet	1
inukai-method	period-messag	2
inukai-method	attribut	1
inukai-method	set-messag	2
inukai-method	lpm-unit-length	3
inukai-method	schedul	1
inukai-method	period	2
inukai-method	problem	2
inukai-method	base-assumpt	1
determin	packet	1
determin	deadlin	2
determin	time	2
determin	capabl	1
determin	approach	1
determin	network	2
determin	toler	2
determin	schedul	1
determin	arriv	2
determin	traffic	2
determin	loss	1
determin	characterist	2
determin	measur	1
determin	perform	1
determin	pattern	2
determin	maximum	2
determin	analyz	1
determin	satisfact	1
determin	requir	1
determin	applic	1
determin	delay-jitter	2
determin	common	1
determin	incom	2
determin	probabl	1
port-track-critic	notion-port-track	1
port-track-critic	heurist-track-polici	1
port-track-critic	link	1
propos	track-fluid-polici	1
propos	packet	1
propos	result	1
propos	special-case-theta	1
propos	optim	1
propos	design	1
propos	track-properti	2
propos	algorithm-good-perfect	2
propos	percent	1
propos	summat-criterion	1
propos	simul	1
propos	summat	1
propos	polici-prove	1
propos	weight-node-match	1
propos	heurist-track-polici	1
propos	schedul	1
propos	match	1
propos	fact	1
propos	gener-case-heurist	2
propos	heurist-simul-algorithmi	1
propos	switch-exist-track	1
propos	schedul-multiperiod-tdma	1
propos	maxim	1
notion	switch-heurist-algorithm	1
notion	fluid-polici-track	2
notion	result	1
notion	polici-extend	2
notion	theta	2
notion	prove	2
notion	tdma-satellit-switch	1
notion	network	1
notion	recent	2
notion	track-polici-port	2
notion	valid	2
notion	theorem	1
notion	question	1
notion	conclus	2
notion	theta-switch-concept	1
notion	measur	2
notion	import	2
notion	track-polici-theta	2
notion	track-poli-cie	1
notion	applic	1
notion	confirm	2
notion	definit	1
fact	packet	3
fact	deadlin	2
fact	pattern	2
fact	case	1
fact	output-queue-switch	2
fact	distinguish	1
fact	toler	1
fact	schedul	1
fact	switch-open	1
fact	gener-case-heurist	1
fact	arbit	2
fact	singl-column-gammax	2
fact	applic	2
fact	motiv	2
fact	track-fluid-polici	3
fact	complex	4
fact	complet	1
fact	perfect-track-polici	1
fact	construct	1
fact	column	1
fact	good-perfect-perform	2
fact	speed	2
fact	calculu-network-delay	1
fact	match	1
fact	heurist-track-polici	2
fact	contradict	2
fact	track-polici-suggest	2
fact	output	2
fact	result	1
fact	track-polici-perform	2
fact	impos	1
fact	approach-design-track	1
fact	prove	1
fact	simul	2
fact	effici	3
fact	track-polici-show	1
fact	suffici	2
fact	perfect-track-properti	2
fact	fluid-polici-deriv	1
fact	link-increas	2
fact	theta-case	1
fact	algorithm-good-perfect	1
fact	algorithm	2
fact	limit	1
fact	problem	2
fact	schedul-algorithm-propos	1
fact	exist	1
fact	percent	2
fact	intend	1
fact	polici-input-queue	1
fact	sequenc	1
fact	tradeoff	2
fact	sincex	2
fact	track-properti	1
fact	packet-deadlin	1
fact	show	3
fact	exist-packet	2
fact	find	1
fact	miss-packet	2
fact	analyz	2
fact	increas	2
fact	requir	1
fact	receiv	1
multiperiod-messag-tdma	packet	1
multiperiod-messag-tdma	rate-link	1
multiperiod-messag-tdma	case	1
multiperiod-messag-tdma	approach	2
multiperiod-messag-tdma	network	1
multiperiod-messag-tdma	model	1
multiperiod-messag-tdma	instanc	2
multiperiod-messag-tdma	arriv	1
multiperiod-messag-tdma	traffic	2
multiperiod-messag-tdma	constant-rate	2
multiperiod-messag-tdma	arriv-process	2
multiperiod-messag-tdma	slot	1
multiperiod-messag-tdma	assign-session	2
multiperiod-messag-tdma	backlog	1
constant-rate	task	2
constant-rate	packet	1
constant-rate	rate-link	1
constant-rate	investig	1
constant-rate	period-messag	1
constant-rate	case	2
constant-rate	approach	2
constant-rate	network	2
constant-rate	simul	1
constant-rate	experi	1
constant-rate	model	1
constant-rate	equal	1
constant-rate	instanc	2
constant-rate	schedul-work	2
constant-rate	schedul	2
constant-rate	arriv	1
constant-rate	traffic	4
constant-rate	algorithm	1
constant-rate	arriv-process	2
constant-rate	slot	2
constant-rate	assign-session	2
constant-rate	perform	1
constant-rate	backlog	1
constant-rate	number-packet-latenc	1
constant-rate	switch-size	1
constant-rate	applic	1
constant-rate	probabl	1
constant-rate	input-output-pair	1
show	packet	1
show	result	2
show	input-queue-schedul	2
show	weight-link	2
show	review	1
show	case	2
show	theta	1
show	approach	1
show	subpermut-matric	2
show	distinguish	1
show	tion	1
show	sincex	2
show	weight-node-match	1
show	schedul	4
show	assum	2
show	basic	1
show	polici-exist	1
show	lessen	2
show	singl-column-gammax	2
show	servic	1
show	polici-satisfi	1
show	track-poli-cie	1
show	applic	1
show	motiv	1
show	design	1
show	structur	1
show	optim	1
show	effect	2
show	mention	2
show	construct	2
show	node	1
show	match	1
show	heurist-track-polici	1
show	traffic	2
show	weight-vertex	2
show	elabor	1
show	contradict	2
show	permut	2
show	bipartit-graph	1
show	tize	2
show	backlog	1
show	packet-deadlin	1
show	polici-fluid-pack	2
show	track-polici-theta	1
show	broad	1
show	track	2
show	begin-slot	2
show	condit	1
show	investig	1
show	singl-link-singl	1
show	column	1
show	prove	2
show	reli	2
show	explain	1
show	vertex-weight	2
show	theta-case	1
show	link	3
show	notion-port-track	1
show	perform	1
show	algorithm	1
show	problem	2
show	perlink-track-polici	1
show	exist	1
show	aggreg-traffic	2
show	packet-polici-section	1
show	special-case-theta	1
show	perfect-track-properti	1
show	input-queu-switch	1
show	consid	2
show	reduc	2
show	perflow-track	1
show	conjectur	1
show	trivial	1
show	find	1
show	slot	3
show	theta-switch-basic	1
show	section-show	1
show	fluid	1
show	requir	1
number-packet-servic	algorithm	2
number-packet-servic	set-messag	2
number-packet-servic	maximum	2
number-packet-servic	repeat	1
number-packet-servic	provid-schedul	2
number-packet-servic	equal	2
number-packet-servic	period	2
number-packet-servic	period-messag	1
number-packet-servic	appropri	1
number-packet-servic	schedul	3
schedul-matrix	track-fluid-polici	1
schedul-matrix	theta	2
schedul-matrix	schedul	2
schedul-matrix	arriv	2
schedul-matrix	traffic	2
schedul-matrix	back	2
schedul-matrix	arriv-process	2
schedul-matrix	slot	1
schedul-matrix	fluid-polici-time	1
schedul-matrix	output-port-function	2
schedul-matrix	fluid	1
schedul-matrix	nonanticip	2
schedul-matrix	time	2
speedup	track-fluid-polici	1
speedup	tdma-satellit-switch	1
speedup	elabor	1
speedup	consid	2
least	condit	1
least	packet-time-slot	2
least	step	1
least	state	2
least	stage	1
least	time	2
least	equal	2
least	critic-link-gener	1
least	suffici	1
least	miss-deadlin	1
least	suffici-condit-port	2
least	suffici-condit-word	1
least	time-slot-node	1
least	link	2
least	critic-link-schedul	1
least	packet-deadlin	2
least	equal-node	1
least	denot	2
connect	packet	3
connect	special-case-theta	1
connect	usag	2
connect	case	2
connect	assumpt	2
connect	design-schedul-polici	2
connect	object-schedul-packet	2
connect	admit	1
connect	arriv-packet	1
connect	arriv	3
connect	period	2
connect	traffic	2
connect	satellit-switch-input	1
connect	perform-analysi	2
connect	analysi	1
connect	treat	2
connect	understand	2
connect	perform	2
connect	realist	1
connect	model	3
connect	problem	2
connect	networkdesign	2
connect	fluid	2
connect	import	2
connect	organ	1
connect	queue	1
session	question	1
session	aggreg-traffic	2
session	case	1
session	node	2
session	link	1
session	perflow	1
session	consist	2
session	track-polici-exist	1
noninteg	fashion	1
noninteg	rest	1
noninteg	eventu	1
noninteg	continu	1
noninteg	case	4
noninteg	uneighbor	1
noninteg	show-hold	2
perflow-track	theta-switch-basic	1
perflow-track	aggreg-traffic	1
perflow-track	consid	2
perflow-track	perlink-track-polici	2
perflow-track	exist	2
perflow-track	theta	1
perflow-track	schedul	1
perflow-track	prove	2
fluid-polici-implement	track-pol-ici	1
fluid-polici-implement	perform-analysi	1
fluid-polici-implement	analyz	2
fluid-polici-implement	fluid	1
fluid-polici-implement	design	1
fluid-polici-implement	schedul-polici-design	1
fluid-polici-implement	polici-call	1
fluid-polici-implement	fluid-polici-packet	1
fluid-polici-implement	packet-consid	1
node-node	packet	2
node-node	suppos	1
node-node	vice	2
node-node	optim	1
node-node	deadlin	2
node-node	versa	2
node-node	match-algorithm	1
node-node	equal	2
node-node	sort	2
node-node	node-greater-weight	1
exist-packet	track-fluid-polici	1
exist-packet	fluid-polici-deriv	1
exist-packet	track-polici-suggest	1
exist-packet	analyz	1
exist-packet	effici	1
exist-packet	find	1
exist-packet	track-polici-perform	1
trivial	packet	2
trivial	packet-polici-section	1
trivial	special-case-theta	2
trivial	conjectur	2
trivial	gener-case-correct	1
trivial	model	1
trivial	tdma	2
trivial	satellit-switch-input	1
trivial	fluid-polici-accomplish	2
trivial	subsequ-messag-integ	1
trivial	fluid	1
trivial	queue	1
find	track-fluid-polici	2
find	packet	1
find	fluid-polici-manner	2
find	deadlin	1
find	input-queue-schedul	1
find	provid-packet-polici	1
find	track-polici-section	1
find	design-schedul-polici	1
find	assump	1
find	stanc	2
find	tion	1
find	polici-prove	1
find	address-problem	1
find	special-case-theta	1
find	fluid-polici-deriv	2
find	polici-exist	2
find	prespecifi	1
find	switch-exist-track	1
find	perform	1
find	algorithm	2
find	analyz	1
find	problem	1
find	section-show	2
find	enabl	1
find	circum	2
find	track	1
switch-exist-track	stanc	1
switch-exist-track	fluid-polici-manner	1
switch-exist-track	track-properti	1
switch-exist-track	polici-prove	2
switch-exist-track	gener-case-heurist	1
switch-exist-track	special-case-theta	2
switch-exist-track	algorithm-good-perfect	1
switch-exist-track	circum	1
slot	unit	1
slot	deadlin	1
slot	case	2
slot	port-capac	1
slot	theta	1
slot	approach	1
slot	assumpt	2
slot	subpermut-matric	3
slot	equal	2
slot	schedul	2
slot	output-port-assum	1
slot	assum	3
slot	compon	1
slot	arriv-process	2
slot	sort	1
slot	assign-session	2
slot	fluid-polici-time	2
slot	calcul	2
slot	packet	6
slot	queue	1
slot	port-exceed	1
slot	construct	2
slot	node-step	1
slot	traffic	6
slot	exist	1
slot	permut	2
slot	tize	2
slot	backlog	1
slot	interv	2
slot	polici-fluid-pack	2
slot	messag-arriv	1
slot	total-servic-rate	1
slot	independ-futur-arriv	1
slot	begin-slot	2
slot	condit	1
slot	period-messag	2
slot	input-port-destin	1
slot	step	1
slot	messag-period-object	1
slot	belong	1
slot	end-time-slot	2
slot	instanc	2
slot	track-polici-select	1
slot	arriv	1
slot	start	2
slot	back	1
slot	link	2
slot	time-slot-note	1
slot	nonanticip	1
slot	output-port-serv	1
slot	effect	1
slot	transmiss	1
slot	output-input-port	1
slot	time	6
slot	schedul-period	1
slot	network	3
slot	theta-switch-loss	1
slot	task	1
slot	output-port-connect	1
slot	suppos	1
slot	output-port-function	1
slot	departur-order-backlog	1
slot	fluid	2
slot	basic	1
slot	deadlin-vector	1
node-greater-weight	optim	1
node-greater-weight	vertex	1
node-greater-weight	vice	1
node-greater-weight	node-priorit	2
node-greater-weight	equal	2
node-greater-weight	node	1
node-greater-weight	versa	1
node-greater-weight	match	1
node-greater-weight	includ	1
node-greater-weight	higher-prioriti	1
node-greater-weight	priorit-criterion	1
theta-switch-basic	aggreg-traffic	1
theta-switch-basic	perlink-track-polici	1
theta-switch-basic	exist	1
theta-switch-basic	consid	1
theta-switch-basic	prove	1
configur	deadlin	1
configur	compon	1
configur	case	1
configur	schedul-polici-edf	2
configur	polici-time-slot	2
configur	theta	1
configur	definit	2
configur	sort	1
configur	deadlin-vector	2
fact-packet	complet-transmiss-slot	2
fact-packet	port-exceed	1
fact-packet	packet	2
fact-packet	track-fluid-polici	1
fact-packet	transmiss	2
fact-packet	solut-problem	1
fact-packet	polici-least	2
fact-packet	matrix-schedul	1
fact-packet	transmiss-packet	3
fact-packet	fluid	3
fact-packet	subpermut-matric	1
fact-packet	output-port-fluid	2
fact-packet	serv-fcf-polici	2
fact-packet	port-serv-fcf	2
fact-packet	fluid-polici-start	2
fact-packet	transmiss-slot-packet	2
fact-packet	realiz	1
fact-packet	packet-slot	1
fact-packet	part	2
fact-packet	number-packet-complet	3
fact-packet	leftmost	2
fact-packet	fluid-polici-time	2
fact-packet	necessarili	2
fact-packet	packet-polici-note	1
fact-packet	definit	1
fact-packet	end-slot	4
miss-packet	packet	1
miss-packet	deadlin	1
miss-packet	toler	1
miss-packet	packet-deadlin	1
miss-packet	applic	2
miss-packet	arbit	1
miss-packet	impos	1
lemma	graph-base-summat	1
lemma	structur	1
lemma	prove	2
lemma	bipartit-graph	1
output-port-connect	port-capac	1
output-port-connect	packet-consid	1
output-port-connect	output-input-port	3
output-port-connect	total-servic-rate	2
output-port-connect	port-exceed	2
output-port-connect	equal	1
output-port-connect	time-slot-speed	1
output-port-connect	time	1
suppos	packet	2
suppos	optim-match-graph	1
suppos	deadlin	3
suppos	period-messag	2
suppos	track-polici-convert	1
suppos	futur	1
suppos	sequenc	2
suppos	time-frame	2
suppos	time	1
suppos	schedul-period	2
suppos	messag-period-object	2
suppos	summat-criterion	1
suppos	meet	1
suppos	object-schedul-packet	2
suppos	messag-arriv	1
suppos	schedul	1
suppos	arriv	1
suppos	miss-deadlin	1
suppos	theta-case	1
suppos	search	1
suppos	packet-packet	2
suppos	algorithm	1
suppos	multi	1
suppos	graph-base-summat	2
suppos	packet-deadlin	2
suppos	period	2
suppos	schedul-problem	1
suppos	toler	1
suppos	link-critic-port	1
analyz	track-fluid-polici	1
analyz	design	1
analyz	fluid-polici-packet	1
analyz	capabl	2
analyz	exist	1
analyz	pattern	1
analyz	time	1
analyz	fluid	1
analyz	design-schedul-polici	2
analyz	network	2
analyz	track-polici-suggest	2
analyz	tion	2
analyz	instant	1
analyz	effici	2
analyz	fraction	1
analyz	admit	1
analyz	polici-call	1
analyz	incom	1
analyz	fluid-polici-deriv	1
analyz	applic	2
analyz	switch-open	1
analyz	perform-analysi	1
analyz	analysi	1
analyz	characterist	1
analyz	assump	2
analyz	arbitrari	1
analyz	link	1
analyz	perform	2
analyz	track-pol-ici	1
analyz	traffic	1
analyz	polici-input-queue	1
analyz	packet-consid	1
analyz	problem	1
analyz	schedul-polici-design	1
analyz	requir	1
analyz	enabl	2
analyz	delay-jitter	1
analyz	track-polici-perform	2
output-port-function	track-fluid-polici	1
output-port-function	theta	2
output-port-function	schedul	2
output-port-function	arriv	2
output-port-function	traffic	2
output-port-function	back	2
output-port-function	arriv-process	2
output-port-function	fluid-polici-time	1
output-port-function	nonanticip	2
output-port-function	fluid	1
output-port-function	time	2
elig-link-set	link	2
departur-order-backlog	fluid-polici-time	1
departur-order-backlog	independ-futur-arriv	2
departur-order-backlog	fluid	1
departur-order-backlog	packet	2
departur-order-backlog	basic	2
departur-order-backlog	assumpt	2
departur-order-backlog	schedul	1
section-show	packet	1
section-show	deadlin	1
section-show	input-queue-schedul	1
section-show	conjectur	1
section-show	provid-packet-polici	1
section-show	track-polici-section	1
section-show	theta	1
section-show	prespecifi	1
section-show	address-problem	1
section-show	prove-special-case	1
section-show	special-case-theta	1
section-show	algorithm	2
section-show	polici-exist	2
section-show	problem	1
section-show	track	1
node-smaller-weight	result-match	1
node-smaller-weight	unsuccess	1
node-smaller-weight	case	1
node-smaller-weight	vertex	3
node-smaller-weight	mention	1
node-smaller-weight	search-result-match	2
node-smaller-weight	node	4
node-smaller-weight	path	1
node-smaller-weight	match	1
node-smaller-weight	start	2
node-smaller-weight	node-step	2
node-smaller-weight	success	2
node-smaller-weight	algorithmfind	1
node-smaller-weight	search	2
increas-weight-critic	constant	2
increas-weight-critic	exceed	2
increas-weight-critic	link	1
increas-weight-critic	schedul	2
increas-weight-critic	node	1
satisfact	approach	2
satisfact	maximum	1
satisfact	deadlin	2
satisfact	toler	1
satisfact	arriv	1
satisfact	traffic	1
satisfact	realtim	1
satisfact	requir	1
satisfact	time	1
satisfact	view	1
satisfact	altern	1
fluid	complet-transmiss-slot	2
fluid	packet	3
fluid	input-queue-schedul	1
fluid	review	2
fluid	port-serv-fcf	2
fluid	theta	1
fluid	assumpt	3
fluid	design-schedul-polici	2
fluid	subpermut-matric	1
fluid	tion	2
fluid	admit	1
fluid	schedul	2
fluid	perform-analysi	4
fluid	treat	2
fluid	basic	1
fluid	fluid-polici-accomplish	1
fluid	arriv-process	1
fluid	understand	2
fluid	fluid-polici-time	2
fluid	track-pol-ici	1
fluid	track-polici-exist	1
fluid	polici-least	2
fluid	track-poli-cie	2
fluid	case	2
fluid	track-fluid-polici	1
fluid	port-exceed	2
fluid	design	1
fluid	belong	1
fluid	solut-problem	1
fluid	fluid-polici-packet	2
fluid	packet-consid	2
fluid	realiz	1
fluid	traffic	4
fluid	elabor	2
fluid	part	1
fluid	necessarili	1
fluid	schedul-polici-design	2
fluid	independ-futur-arriv	1
fluid	condit	3
fluid	leftmost	2
fluid	usag	2
fluid	matrix-schedul	1
fluid	output-port-fluid	2
fluid	explain	2
fluid	end-time-slot	2
fluid	end-slot	3
fluid	ensur	1
fluid	arriv	3
fluid	question	1
fluid	precis	2
fluid	analysi	1
fluid	perform	2
fluid	realist	1
fluid	time-slot-note	1
fluid	nonanticip	1
fluid	problem	1
fluid	networkdesign	2
fluid	packet-polici-latest	2
fluid	transmiss	2
fluid	number-packet-complet	4
fluid	time	1
fluid	definit-definit	2
fluid	serv-fcf-polici	1
fluid	tdma	1
fluid	transmiss-slot-packet	1
fluid	packet-slot	1
fluid	network	1
fluid	model	2
fluid	import	2
fluid	organ	2
fluid	back	1
ieeeacm	schedul-realtim-messag	1
ieeeacm	deadlin	1
ieeeacm	packetswitch-network	1
ieeeacm	effici	1
ieeeacm	jianyu	1
ieeeacm	network	1
ieeeacm	period	1
ieeeacm	approach-flow-control	1
ieeeacm	node-case	1
ieeeacm	gener-processor-share	1
ieeeacm	schedul	1
ieeeacm	perform	1
ieeeacm	algorithm	1
ieeeacm	shen	1
ieeeacm	guarante	1
ieeeacm	yong	1
ieeeacm	junzhou	1
ieeeacm	hardrealtim	1
ieeeacm	februari	1
ieeeacm	inputqueu	1
import	packet	1
import	confirm	2
import	size-switch	1
import	theta	1
import	design-schedul-polici	2
import	switch-heurist-algorithm	1
import	degrad	1
import	admit	1
import	assumpt	2
import	track-polici-port	2
import	schedul	1
import	arriv	2
import	valid	2
import	complex	2
import	question	1
import	usag	2
import	perform-analysi	2
import	analysi	1
import	measur	2
import	model-messag	1
import	treat	2
import	arbit	2
import	realist	1
import	heurist-algorithm-propos	1
import	understand	2
import	model	2
import	traffic	2
import	input-output-edf	1
import	rate-messag	1
import	networkdesign	2
import	increas	1
import	organ	1
import	case	2
import	perform	2
increas	deadlin	1
increas	complex	2
increas	link-increas	2
increas	sequenc	1
increas	case	1
increas	time	1
increas	size-switch	4
increas	degrad	2
increas	faster	1
increas	altern	2
increas	moder	2
increas	output-queue-switch	2
increas	observ	1
increas	heurist-algorithm-propos	2
increas	tradeoff	2
increas	speed	1
increas	scenario	1
increas	suffici	2
increas	input-queue-attract	2
increas	match	1
increas	algorithm	2
increas	line-rate	2
increas	output	1
increas	limit	1
increas	problem	1
increas	switch-fabric	1
increas	switch-size	2
increas	bandwidth	2
path-odd	path	1
path-odd	belong	1
path-odd	includ	1
path-odd	member	2
path-odd	altern	1
path-odd	optim	1
path-odd	vertex	2
path-odd	assumpt	1
requir	deadlin	1
requir	pattern	2
requir	altern	2
requir	output-queue-switch	1
requir	equal	1
requir	comput	1
requir	algorithm	2
requir	singl-link-delay	2
requir	weight-link	1
requir	arbit	4
requir	servic	2
requir	applic	3
requir	incom	1
requir	design	2
requir	schedul-algorithm-propos	2
requir	optim	2
requir	capabl	1
requir	servic-flow-fluid	1
requir	shape	1
requir	multiplex	2
requir	speed	2
requir	node	1
requir	packet-consid	1
requir	traffic	4
requir	characterist	1
requir	signal	2
requir	realtim	2
requir	output	1
requir	broad	2
requir	stage	1
requir	processor	1
requir	suffici	1
requir	approach	2
requir	reli	1
requir	link-weight-match	1
requir	link	1
requir	translat	1
requir	perform	2
requir	nonanticip	1
requir	exist	1
requir	network	2
requir	receiv	2
requir	delay-jitter	1
requir	view	2
receiv	schedul-algorithm-propos	2
receiv	pattern	1
receiv	output-queue-switch	1
receiv	equal	1
receiv	speed	2
receiv	suffici	1
receiv	packet-consid	1
receiv	arbit	2
receiv	output	1
enabl	track-fluid-polici	1
enabl	time	1
enabl	design-schedul-polici	2
enabl	assump	2
enabl	tion	2
enabl	instant	1
enabl	fluid-polici-deriv	1
enabl	fraction	1
enabl	arbitrari	1
enabl	link	1
enabl	perform	2
enabl	applic	1
organ	condit	1
organ	packet	2
organ	usag	1
organ	review	1
organ	networkdesign	1
organ	design-schedul-polici	1
organ	tion	1
organ	instant	1
organ	explain	1
organ	assumpt	1
organ	arriv	1
organ	traffic	1
organ	fraction	1
organ	perform-analysi	1
organ	elabor	1
organ	treat	1
organ	link	1
organ	understand	1
organ	perform	1
organ	realist	2
organ	model	1
organ	case	2
organ	arbitrari	1
organ	track-poli-cie	1
organ	applic	1
organ	time	1
delay-jitter	perform	1
delay-jitter	network	2
delay-jitter	loss	1
delay-jitter	traffic	2
delay-jitter	characterist	2
delay-jitter	pattern	2
delay-jitter	measur	1
delay-jitter	packet	1
delay-jitter	applic	1
delay-jitter	capabl	1
delay-jitter	common	1
delay-jitter	incom	2
delay-jitter	probabl	1
bandwidth	line-rate	2
bandwidth	sequenc	1
bandwidth	switch-size	2
bandwidth	time	1
bandwidth	altern	2
bandwidth	moder	2
bandwidth	scenario	1
bandwidth	output-queue-switch	2
bandwidth	switch-fabric	1
bandwidth	speed	1
bandwidth	suffici	2
bandwidth	input-queue-attract	2
bandwidth	match	1
bandwidth	size-switch	2
bandwidth	faster	1
bandwidth	output	1
bandwidth	limit	1
bandwidth	problem	1
subpermut-matrix-set	case	1
subpermut-matrix-set	subpermut-matrix-case	1
subpermut-matrix-set	column	2
common	perform	2
common	network	2
common	packet	2
common	traffic	1
common	loss	2
common	characterist	1
common	pattern	1
common	measur	2
common	probabl	2
common	translat	1
common	incom	1
view	approach	2
view	nonanticip	1
view	deadlin	1
view	traffic	2
view	realtim	2
view	servic-flow-fluid	1
view	exist	1
view	altern	2
order-packet-departur	arriv	1
order-packet-departur	assum	1
order-packet-departur	futur	1
order-packet-departur	base-assumpt	1
order-packet-departur	calcul	1
order-packet-departur	time	2
order-packet-departur	chang	1
order-packet-departur	departur-order-obtain	1
order-packet-departur	schedul	2
order-packet-departur	futur-arriv	2
order-packet-departur	assumpt	1
special-case-heurist	algorithm	2
special-case-heurist	result	2
special-case-heurist	track-polici-exist	2
special-case-heurist	theta	1
special-case-heurist	perfect-track-polici	1
deadlin-vector	link	1
deadlin-vector	deadlin	2
deadlin-vector	compon	2
deadlin-vector	case	1
deadlin-vector	schedul-polici-edf	2
deadlin-vector	polici-time-slot	2
deadlin-vector	theta	1
deadlin-vector	definit	2
deadlin-vector	sort	2
complet-transmiss-slot	track-fluid-polici	1
complet-transmiss-slot	leftmost	2
complet-transmiss-slot	number-packet-complet	2
complet-transmiss-slot	solut-problem	1
complet-transmiss-slot	port-serv-fcf	2
complet-transmiss-slot	polici-least	2
complet-transmiss-slot	matrix-schedul	1
complet-transmiss-slot	subpermut-matric	1
complet-transmiss-slot	output-port-fluid	2
complet-transmiss-slot	realiz	1
complet-transmiss-slot	packet-slot	1
complet-transmiss-slot	end-slot	2
frame	set-messag	2
frame	period-messag	2
frame	lpm-unit-length	2
fluid-polici-track	deadlin	2
fluid-polici-track	special-case-theta	1
fluid-polici-track	time-frame	1
fluid-polici-track	time	1
fluid-polici-track	polici-extend	2
fluid-polici-track	theta	1
fluid-polici-track	tdma-satellit-switch	1
fluid-polici-track	induc	2
fluid-polici-track	object-schedul-packet	1
fluid-polici-track	polici-satisfi	2
fluid-polici-track	conclus	2
fluid-polici-track	theta-switch-concept	1
fluid-polici-track	base-track	1
fluid-polici-track	weight-vertex	1
fluid-polici-track	network	1
fluid-polici-track	link	2
fluid-polici-track	weight-match-bipartit	1
fluid-polici-track	applic	1
fluid-polici-track	weight-link	2
fluid-polici-track	track	1
packet	unit	3
packet	deadlin	6
packet	pattern	1
packet	case	8
packet	gener-case-correct	1
packet	end-slot	1
packet	approach	1
packet	assumpt	4
packet	design-schedul-polici	1
packet	subpermut-matric	1
packet	toler	3
packet	fluid-packet	2
packet	instant	1
packet	switch-fluid-polici	2
packet	equal	3
packet	queue-switch	2
packet	period	5
packet	prove-special-case	1
packet	arriv-packet	1
packet	schedul	3
packet	miss-deadlin	2
packet	output-port-assum	1
packet	assum	2
packet	satellit-switch-input	2
packet	perform-analysi	2
packet	time-frame	1
packet	treat	1
packet	fluid-polici-accomplish	1
packet	arbit	1
packet	understand	1
packet	assign-session	2
packet	fluid-polici-time	2
packet	polici-exist	1
packet	present	1
packet	time-slot-note	2
packet	input-output-edf	1
packet	polici-least	1
packet	output-port-serv	1
packet	packet-polici-note	1
packet	slot-fluid-polici	1
packet	incom	1
packet	queue	3
packet	track-fluid-polici	2
packet	necessarili	1
packet	problem	3
packet	calcul	1
packet	fluid-polici-depend	1
packet	number-packet-latenc	1
packet	effect	1
packet	packet-consid	1
packet	attribut	2
packet	fluid-polici-start	1
packet	node	1
packet	real	1
packet	applic	3
packet	loss	3
packet	traffic	6
packet	characterist	1
packet	measur	3
packet	arbitrari	1
packet	part	1
packet	packet-polici-end	1
packet	mention	1
packet	subsequ-messag-integ	1
packet	consid-fluid	2
packet	backlog	1
packet	percentag	2
packet	packet-polici-time	1
packet	probabl	2
packet	broad	2
packet	condit	2
packet	link	4
packet	period-messag	1
packet	usag	1
packet	futur-arriv	1
packet	impos	1
packet	provid-packet-polici	1
packet	percent	2
packet	obtain-track	1
packet	column	2
packet	belong	2
packet	object-schedul-packet	3
packet	end-time-slot	5
packet	instanc	3
packet	address-problem	1
packet	provid-schedul	1
packet	base-assumpt	1
packet	arriv	5
packet	realist	2
packet	fraction	1
packet	track-polici-select	1
packet	higher-prioriti	2
packet	translat	1
packet	algorithm-good-perfect	1
packet	prespecifi	1
packet	perform	3
packet	constraint	1
packet	nonanticip	1
packet	schedul-time-slot	2
packet	networkdesign	1
packet	track-polici-input	2
packet	exist	1
packet	interv	1
packet	algorithm	1
packet	question	1
packet	rate-link	1
packet	transmiss	1
packet	futur	2
packet	special-case-theta	3
packet	time	4
packet	track-polici-section	1
packet	schedul-period	1
packet	transmiss-packet	2
packet	singl-link-share	1
packet	network	7
packet	serv-fcf-polici	1
packet	track-properti	1
packet	consid	1
packet	transmiss-slot-packet	1
packet	input-port-destin	1
packet	latenc-packet	1
packet	schedul-polici-design	1
packet	arriv-process	1
packet	tdma	1
packet	input-port-packet	1
packet	conjectur	1
packet	simul	2
packet	model	3
packet	independ-futur-arriv	3
packet	basic	2
packet	gener-case-heurist	1
track-polici-gener	algorithm	1
track-polici-gener	creat	1
optim-match-graph	algorithm-deriv	2
optim-match-graph	graph-base-summat	1
optim-match-graph	similar	1
optim-match-graph	consist	1
optim-match-graph	optim	1
optim-match-graph	case	1
optim-match-graph	link	1
optim-match-graph	maximum-match-algorithm	1
optim-match-graph	node	1
deadlin	case	1
deadlin	schedul-polici-edf	2
deadlin	altern	1
deadlin	toler	3
deadlin	switch-fluid-polici	1
deadlin	equal	2
deadlin	special-case-theta	1
deadlin	instanc	2
deadlin	schedul	6
deadlin	period	1
deadlin	packet-deadlin	3
deadlin	algorithm	3
deadlin	approach-flow-control	1
deadlin	compon	2
deadlin	immedi	1
deadlin	arbit	1
deadlin	servic	1
deadlin	polici-satisfi	3
deadlin	applic	1
deadlin	track-fluid-polici	1
deadlin	provid-packet-polici	2
deadlin	complex	1
deadlin	link-increas	1
deadlin	complet	1
deadlin	fluid-polici-depend	2
deadlin	approach	2
deadlin	model	1
deadlin	meet	2
deadlin	polici-time-slot	1
deadlin	traffic	2
deadlin	junzhou	1
deadlin	induc	2
deadlin	node-case	1
deadlin	specif	1
deadlin	exist	1
deadlin	packet-polici-satisfi	1
deadlin	delay-constraint	1
deadlin	realtim	1
deadlin	backlog	1
deadlin	shen	1
deadlin	packet-polici-constraint	1
deadlin	guarante	1
deadlin	sort	2
deadlin	hardrealtim	1
deadlin	definit	1
deadlin	februari	1
deadlin	schedul-realtim-messag	1
deadlin	singl-link-singl	1
deadlin	futur-arriv	2
deadlin	jianyu	1
deadlin	time-frame	2
deadlin	impos	1
deadlin	link-critic-port	1
deadlin	object-schedul-packet	2
deadlin	effici	1
deadlin	end-time-slot	1
deadlin	address-problem	1
deadlin	arriv	5
deadlin	start	1
deadlin	packetswitch-network	1
deadlin	theta-case	1
deadlin	link	2
deadlin	prespecifi	1
deadlin	perform	1
deadlin	maximum	2
deadlin	nonanticip	2
deadlin	yong	1
deadlin	inputqueu	1
deadlin	rate-link	2
deadlin	futur	2
deadlin	polici-call	1
deadlin	sequenc	2
deadlin	time	4
deadlin	track-polici-section	1
deadlin	network	1
deadlin	gener-processor-share	1
deadlin	tradeoff	1
deadlin	polici-exist	1
deadlin	latenc-packet	1
result	weight-node-critic	1
result	theta	4
result	heurist-simul-algorithmi	2
result	schedul-multiperiod-tdma	2
result	nonanticip-track-algorithm	2
result	match-algorithm	1
result	case	3
result	assumpt	2
result	recent	1
result	fluid-polici-input	1
result	valid	1
result	perfect-track-polici	1
result	schedul-polici-edf	1
result	section-schedul-tdma	2
result	prove	1
result	schedul-time-slot	2
result	theorem	2
result	theta-case	2
result	obtain-track	1
result	arbitrari	1
result	link	1
result	primari-result	1
result	theta-switch-recal	1
result	algorithm	4
result	properti	2
result	result-match	2
result	similar	4
result	perfect-track-properti	1
result	track-polici-exist	2
result	track-polici-theta	3
result	motiv	1
result	satellit-switch-provid	1
result	queue	1
queue-switch	track-fluid-polici	1
queue-switch	fluid-packet	2
queue-switch	time	1
queue-switch	track-polici-input	2
queue-switch	unit	1
queue-switch	fluid-polici-input	1
input-queue-schedul	condit	1
input-queue-schedul	review	1
input-queue-schedul	tion	1
input-queue-schedul	explain	1
input-queue-schedul	elabor	1
input-queue-schedul	algorithm	1
input-queue-schedul	polici-exist	1
input-queue-schedul	problem	2
input-queue-schedul	track-poli-cie	1
input-queue-schedul	track	1
messag-period-schedul	period-messag	1
messag-period-schedul	base-assumpt	1
messag-period-schedul	equal	1
messag-period-schedul	schedul	1
messag-period-schedul	repeat	1
messag-period-schedul	period	1
optimum	vertex-weight	2
optimum	set-elig-link	1
optimum	link	2
optimum	algorithm	1
optimum	match-algorithm	1
optimum	problem	1
optimum	step	2
optimum	match	2
optimum	arbit	2
optimum	schedul	1
optimum	track	1
subject	output-queue-switch	1
subject	problem	1
subject	switch-open	1
subject	theta-switch-concentr	1
subject	polici-input-queue	1
subject	exist	1
subject	schedul	1
weight-link	vertex-weight	2
weight-link	optim	1
weight-link	link	3
weight-link	reduc	2
weight-link	weight-node-match	1
weight-link	schedul	2
weight-link	match	1
weight-link	algorithm	1
weight-link	link-weight-match	2
weight-link	weight-vertex	3
weight-link	base-track	1
weight-link	signal	1
weight-link	arbit	2
weight-link	bipartit-graph	1
weight-link	weight-match-bipartit	1
weight-link	lessen	2
weight-link	track	2
theta-switch-concentr	output-queue-switch	2
theta-switch-concentr	packet-output	1
theta-switch-concentr	theta-switch-input	1
theta-switch-concentr	time	1
theta-switch-concentr	schedul	2
conjectur	track-fluid-polici	1
conjectur	packet-polici-section	1
conjectur	special-case-theta	2
conjectur	case	1
conjectur	provid-packet-polici	1
conjectur	gener-case-correct	1
conjectur	theta	2
conjectur	constraint	1
conjectur	prove	2
conjectur	delay-constraint	2
conjectur	philp	2
conjectur	subsequ-messag-integ	2
conjectur	prove-special-case	2
conjectur	period	1
conjectur	model-messag	1
conjectur	packet-polici-satisfi	1
conjectur	sort	1
conjectur	gile-hajek	2
conjectur	packet-polici-constraint	1
pattern	limit	1
pattern	sequenc	1
pattern	capabl	1
pattern	measur	1
pattern	network	2
pattern	output-queue-switch	2
pattern	speed	2
pattern	suffici	2
pattern	match	1
pattern	loss	1
pattern	characterist	2
pattern	arbit	1
pattern	perform	1
pattern	output	2
pattern	traffic	2
pattern	problem	1
pattern	schedul-algorithm-propos	1
pattern	applic	1
pattern	incom	2
pattern	probabl	1
review	condit	2
review	tion	2
review	explain	2
review	track-poli-cie	2
review	elabor	2
review	problem	1
port-serv-fcf	track-fluid-polici	1
port-serv-fcf	leftmost	2
port-serv-fcf	number-packet-complet	2
port-serv-fcf	solut-problem	1
port-serv-fcf	polici-least	2
port-serv-fcf	matrix-schedul	1
port-serv-fcf	subpermut-matric	1
port-serv-fcf	output-port-fluid	2
port-serv-fcf	realiz	1
port-serv-fcf	packet-slot	1
port-serv-fcf	end-slot	2
polici-least	track-fluid-polici	1
polici-least	number-packet-complet	2
polici-least	solut-problem	1
polici-least	matrix-schedul	1
polici-least	subpermut-matric	1
polici-least	output-port-fluid	2
polici-least	miss-deadlin	1
polici-least	assum	1
polici-least	realiz	1
polici-least	packet-slot	1
polici-least	higher-prioriti	1
polici-least	link	1
polici-least	packet-polici-end	1
polici-least	leftmost	2
polici-least	schedul-time-slot	1
polici-least	end-slot	2
case	shape	1
case	theta	3
case	approach	1
case	altern	2
case	assumpt	5
case	arriv-process	1
case	track-polici-suggest	1
case	distinguish	2
case	instant	1
case	switch-fluid-polici	2
case	equal	2
case	admit	1
case	instanc	2
case	schedul	3
case	period	2
case	miss-deadlin	1
case	fashion	1
case	path	3
case	size-switch	1
case	perform-analysi	2
case	approach-flow-control	2
case	schedul-work	1
case	model-messag	1
case	treat	2
case	polici-time-slot	1
case	search	2
case	sort	1
case	theta-switch-recal	1
case	understand	2
case	assign-session	2
case	algorithm-deriv	1
case	present	2
case	node-path	2
case	unsuccess	2
case	properti	1
case	singl-column-gammax	1
case	observ	2
case	applic	4
case	relat-correct	2
case	schedul-polici-edf	2
case	belong	1
case	member	1
case	eventu	1
case	fluid-polici-depend	1
case	match	1
case	switch-size	1
case	networkdesign	2
case	philp	1
case	rest	1
case	valid	1
case	node	7
case	design-schedul-polici	2
case	node-step	1
case	similar	4
case	traffic	5
case	node-case	1
case	arbitrari	1
case	contradict	1
case	delay-constraint	1
case	heurist-algorithm-propos	1
case	subsequ-messag-integ	1
case	percentag	1
case	singl-link-share	2
case	success	1
case	definit	1
case	number-packet-miss	2
case	usag	2
case	futur-arriv	1
case	continu	1
case	percent	2
case	prove	3
case	search-result-match	1
case	number-packet-latenc	2
case	nonanticip-track-algorithm	1
case	end-time-slot	3
case	arriv	2
case	start	1
case	analysi	1
case	link	2
case	uneighbor	1
case	show-hold	2
case	perform	3
case	maximum	2
case	nonanticip	1
case	gile-hajek	2
case	maximum-match-algorithm	2
case	time	1
case	rate-link	1
case	futur	1
case	vertex	1
case	network	4
case	gener-processor-share	2
case	sincex	1
case	degrad	2
case	fraction	1
case	track-polici-theta	2
case	mention	4
case	realist	2
case	model	2
case	column	4
case	independ-futur-arriv	2
state	critic-link-gener	1
state	condit	1
state	denot	2
state	packet-deadlin	2
state	suffici-condit-port	2
state	equal	2
state	suffici-condit-word	1
state	time-slot-node	1
state	miss-deadlin	1
state	suffici	1
state	time	2
schedul-polici-edf	theta	1
schedul-polici-edf	schedul	1
schedul-polici-edf	compon	1
schedul-polici-edf	link	1
schedul-polici-edf	polici-time-slot	2
schedul-polici-edf	sort	1
schedul-polici-edf	similar	1
schedul-polici-edf	meet	1
schedul-polici-edf	definit	2
match-algorithm	weight-node-critic	1
match-algorithm	section-schedul-tdma	1
match-algorithm	complex	2
match-algorithm	poor	2
match-algorithm	solut	1
match-algorithm	consid	1
match-algorithm	extens	1
match-algorithm	vertex	1
match-algorithm	schedul	1
match-algorithm	schedul-time-slot	1
match-algorithm	problem-maximum	2
match-algorithm	match	2
match-algorithm	algorithm	3
match-algorithm	link-weight-match	2
match-algorithm	weight-match-maximum	1
match-algorithm	vertex-weight	1
match-algorithm	link	1
match-algorithm	arbit	1
match-algorithm	sort	1
match-algorithm	maximum-link	1
match-algorithm	perform	2
match-algorithm	step	1
match-algorithm	result-match	1
match-algorithm	problem	1
match-algorithm	maximum-match-algorithm	2
match-algorithm	track	1
gener-case-correct	subsequ-messag-integ	1
theta	assumpt	2
theta	prove-special-case	2
theta	track-polici-port	1
theta	schedul	3
theta	arriv-process	2
theta	fluid-polici-time	1
theta	present	1
theta	properti	1
theta	track-polici-exist	1
theta	queue	1
theta	track-fluid-polici	1
theta	polici-extend	1
theta	mention	2
theta	polici-time-slot	1
theta	node	1
theta	prove	1
theta	valid	3
theta	theorem	1
theta	traffic	2
theta	measur	1
theta	arbitrari	1
theta	track-polici-theta	1
theta	confirm	1
theta	definit	1
theta	independ-futur-arriv	1
theta	obtain-track	1
theta	fluid-polici-input	1
theta	nonanticip-track-algorithm	1
theta	deadlin-schedul	1
theta	arriv	2
theta	question	1
theta	theta-case	1
theta	back	2
theta	algorithm	2
theta	nonanticip	2
theta	problem	1
theta	similar	1
theta	perlink-track-polici	1
theta	exist	1
theta	polici-convert	1
theta	special-case-theta	1
theta	time	2
theta	consid	1
theta	singl-link-share	1
theta	conclus	1
experi	uniformli	1
experi	period-messag	1
experi	node	2
approach	link	2
approach	consid	2
approach	time	1
approach	mention	1
approach	network	1
approach	arriv-process	2
approach	model	1
approach	toler	1
approach	includ	1
approach	arriv	2
approach	altern	2
approach	instanc	2
approach	link-arbit	2
approach	realtim	2
approach	servic-flow-fluid	1
approach	schedul	2
approach	assign-session	2
approach	backlog	1
approach	maximum	1
approach	traffic	4
approach	node	2
approach	nonanticip	1
approach	rate-link	1
approach	higher-prioriti	1
approach	match	1
approach	exist	1
approach	algorithm	1
attribut	period-messag	1
attribut	problem	1
attribut	period	1
altern	sequenc	1
altern	speed	1
altern	vertex	1
altern	faster	1
altern	assumpt	2
altern	output-queue-switch	2
altern	switch-fabric	1
altern	includ	2
altern	node-path	3
altern	moder	2
altern	member	3
altern	node	2
altern	switch-size	2
altern	scenario	1
altern	line-rate	2
altern	input-queue-attract	2
altern	path	3
altern	match	3
altern	size-switch	2
altern	traffic	2
altern	belong	3
altern	exist	1
altern	servic-flow-fluid	1
altern	suffici	2
altern	realtim	2
altern	limit	1
altern	output	1
altern	problem	1
altern	nonanticip	1
altern	time	1
assumpt	design-schedul-polici	2
assumpt	admit	1
assumpt	schedul	2
assumpt	miss-deadlin	1
assumpt	path	2
assumpt	assum	2
assumpt	perform-analysi	2
assumpt	treat	2
assumpt	basic	2
assumpt	realist	1
assumpt	theta-switch-recal	1
assumpt	understand	2
assumpt	fluid-polici-time	1
assumpt	present	2
assumpt	properti	2
assumpt	includ	2
assumpt	departur-order-obtain	2
assumpt	member	2
assumpt	permit	1
assumpt	node	3
assumpt	valid	2
assumpt	match	1
assumpt	traffic	2
assumpt	singl-link-share	2
assumpt	track-polici-theta	1
assumpt	track	1
assumpt	unit	1
assumpt	usag	2
assumpt	futur-arriv	2
assumpt	belong	2
assumpt	nonanticip-track-algorithm	2
assumpt	end-time-slot	1
assumpt	chang	2
assumpt	arriv	3
assumpt	output	1
assumpt	analysi	1
assumpt	theta-case	1
assumpt	perform	2
assumpt	similar	2
assumpt	networkdesign	2
assumpt	futur	1
assumpt	transmiss	1
assumpt	time	1
assumpt	vertex	1
assumpt	node-path	1
assumpt	mention	2
assumpt	model	2
assumpt	independ-futur-arriv	4
design-schedul-polici	track-fluid-polici	1
design-schedul-polici	usag	2
design-schedul-polici	networkdesign	2
design-schedul-polici	assump	2
design-schedul-polici	tion	2
design-schedul-polici	instant	1
design-schedul-polici	admit	1
design-schedul-polici	arriv	2
design-schedul-polici	fluid-polici-deriv	1
design-schedul-polici	traffic	2
design-schedul-polici	applic	1
design-schedul-polici	fraction	1
design-schedul-polici	perform-analysi	2
design-schedul-polici	analysi	1
design-schedul-polici	treat	2
design-schedul-polici	link	1
design-schedul-polici	understand	2
design-schedul-polici	perform	4
design-schedul-polici	realist	1
design-schedul-polici	model	2
design-schedul-polici	arbitrari	1
design-schedul-polici	time	1
extend	question	1
extend	multioutput	2
extend	track-polici-suggest	1
extend	switch-open	1
extend	schedul	2
poli-cie	track-polici-implement	1
poli-cie	basic	1
poli-cie	design-track	1
induc	object-schedul-packet	1
induc	polici-satisfi	2
induc	time	1
induc	special-case-theta	1
induc	time-frame	1
subpermut-matric	solut	1
subpermut-matric	track-fluid-polici	2
subpermut-matric	matrix-schedul	2
subpermut-matric	number-packet-complet	1
subpermut-matric	solut-problem	3
subpermut-matric	time	1
subpermut-matric	uneighbor	2
subpermut-matric	neighbor	1
subpermut-matric	output-port-fluid	1
subpermut-matric	construct	2
subpermut-matric	end-slot	1
subpermut-matric	address-problem	1
subpermut-matric	permut	2
subpermut-matric	leftmost	1
subpermut-matric	traffic	2
subpermut-matric	assum	4
subpermut-matric	loss	1
subpermut-matric	track-polici-select	2
subpermut-matric	tize	2
subpermut-matric	link	1
subpermut-matric	higher-prioriti	1
subpermut-matric	packet-slot	2
subpermut-matric	address	1
subpermut-matric	schedul-time-slot	1
subpermut-matric	begin-slot	2
subpermut-matric	polici-fluid-pack	2
subpermut-matric	theta-switch-loss	1
subpermut-matric	definit	1
subpermut-matric	problem	1
extens	perform	1
extens	algorithm	2
extens	match	1
extens	node	1
extens	link-weight-match	1
extens	poor	1
extens	weight-match-maximum	2
extens	problem-maximum	1
extens	step	1
extens	maximum-match-algorithm	1
extens	schedul	2
extens	repeat	1
extens	complex	1
extens	maximum-link	2
track-polici-suggest	multioutput	1
track-polici-suggest	switch-open	1
track-polici-suggest	problem	1
track-polici-suggest	effici	2
track-polici-suggest	polici-input-queue	1
track-polici-suggest	exist	1
track-polici-suggest	schedul	1
track-polici-suggest	track-polici-perform	2
output-queue-switch	line-rate	2
output-queue-switch	sequenc	2
output-queue-switch	switch-size	2
output-queue-switch	time	3
output-queue-switch	moder	2
output-queue-switch	switch-fabric	2
output-queue-switch	scenario	2
output-queue-switch	theta-switch-input	2
output-queue-switch	speed	3
output-queue-switch	schedul	2
output-queue-switch	input-queue-attract	2
output-queue-switch	match	2
output-queue-switch	size-switch	2
output-queue-switch	suffici	4
output-queue-switch	arbit	1
output-queue-switch	faster	2
output-queue-switch	output	3
output-queue-switch	packet-output	2
output-queue-switch	problem	2
output-queue-switch	limit	2
output-queue-switch	schedul-algorithm-propos	1
distinguish	prove	2
distinguish	sincex	1
distinguish	conclud	2
distinguish	singl-column-gammax	1
distinguish	column	2
distinguish	contradict	1
toler	time-frame	1
toler	impos	2
toler	constraint	1
toler	object-schedul-packet	1
toler	provid-schedul	1
toler	schedul	1
toler	arriv	2
toler	period	2
toler	question	1
toler	arbit	2
toler	maximum	2
toler	perform	1
toler	applic	2
toler	time	2
fluid-packet	unit	1
fluid-packet	track-polici-input	2
fluid-packet	time	1
tion	track-fluid-polici	1
tion	condit	2
tion	time	1
tion	instant	1
tion	explain	2
tion	fluid-polici-deriv	1
tion	assump	2
tion	applic	1
tion	fraction	1
tion	elabor	2
tion	arbitrari	1
tion	link	1
tion	perform	2
tion	track-poli-cie	2
tion	problem	1
instant	time	2
instant	assump	1
instant	fraction	2
instant	arbitrari	2
instant	link	2
instant	perform	1
instant	realist	1
instant	applic	2
easi	uniti	1
easi	complet	1
easi	provid-schedul	2
easi	arriv	1
easi	start	1
easi	specif	1
easi	immedi	1
easi	consid-fluid	2
easi	servic	1
easi	condit-schedul	1
switch-fluid-polici	futur-arriv	1
switch-fluid-polici	futur	1
switch-fluid-polici	end-time-slot	2
switch-fluid-polici	equal	2
switch-fluid-polici	nonanticip	1
switch-fluid-polici	fluid-polici-depend	1
switch-fluid-polici	rate-link	1
node-priorit	match	1
node-priorit	includ	1
node-priorit	priorit-criterion	1
node-priorit	higher-prioriti	1
node-priorit	node	1
equal	schedul	3
equal	period	2
equal	miss-deadlin	1
equal	output-port-assum	1
equal	latenc-packet	2
equal	suffici-condit-word	1
equal	arbit	1
equal	nonanticip	1
equal	input-output-pair	2
equal	queue	1
equal	port-exceed	1
equal	schedul-algorithm-propos	1
equal	optim	2
equal	fluid-polici-depend	1
equal	set-messag	1
equal	speed	1
equal	versa	2
equal	packet-consid	3
equal	suffici-condit-port	2
equal	total-servic-rate	1
equal	exist	1
equal	interv	1
equal	packet-deadlin	2
equal	unit	1
equal	condit	1
equal	period-messag	3
equal	futur-arriv	1
equal	end-time-slot	2
equal	critic-link-gener	1
equal	provid-schedul	1
equal	base-assumpt	1
equal	suffici	1
equal	start	1
equal	algorithm	1
equal	maximum	2
equal	probabl	2
equal	denot	2
equal	rate-link	1
equal	futur	1
equal	repeat	2
equal	output-input-port	1
equal	time	4
equal	vertex	1
equal	schedul-period	1
equal	uniformli	1
equal	vice	2
equal	task	1
equal	time-slot-node	1
multiperiod-messag-exist	tdma-satellit-switch	1
multiperiod-messag-exist	network	1
multiperiod-messag-exist	special-case-theta	1
multiperiod-messag-exist	applic	1
multiperiod-messag-exist	track-polici-prove	1
theta-switch-input	packet-output	2
theta-switch-input	switch-fabric	1
theta-switch-input	scenario	1
theta-switch-input	time	2
theta-switch-input	schedul	1
theta-switch-input	faster	1
admit	usag	1
admit	capabl	1
admit	network	1
admit	model	1
admit	arriv	1
admit	perform-analysi	1
admit	analysi	2
admit	treat	1
admit	understand	1
admit	perform	1
admit	traffic	1
admit	networkdesign	1
instanc	futur	1
instanc	futur-arriv	1
instanc	fluid-polici-depend	1
instanc	network	2
instanc	rate-link	2
instanc	model	2
instanc	arriv	4
instanc	traffic	4
instanc	assign-session	3
instanc	arriv-process	2
instanc	backlog	2
instanc	nonanticip	1
weight-node-match	optim	2
weight-node-match	schedul	1
weight-node-match	match	2
weight-node-match	weight-vertex	1
weight-node-match	vertex-weight	1
weight-node-match	reduc	1
weight-node-match	highest	2
weight-node-match	lessen	1
critic-node-detect	step	1
critic-node-detect	algorithm	2
critic-node-detect	schedul	1
critic-node-detect	node	1
prove-special-case	special-case-theta	2
prove-special-case	construct	1
prove-special-case	track	1
track-polici-port	question	1
track-polici-port	switch-heurist-algorithm	1
track-polici-port	measur	2
track-polici-port	confirm	2
track-polici-port	valid	2
arriv-packet	model	1
arriv-packet	satellit-switch-input	1
arriv-packet	special-case-theta	1
arriv-packet	object-schedul-packet	1
arriv-packet	problem	1
arriv-packet	period	1
arriv-packet	queue	1
primari-result	algorithm	2
primari-result	heurist-algorithm-continu	2
primari-result	section-schedul-tdma	2
primari-result	multi	1
primari-result	investig	1
primari-result	result-match	1
primari-result	satellit-switch-provid	2
primari-result	analysi	2
primari-result	schedul-time-slot	1
primari-result	period	1
schedul	multiperiod-tdma-satellit	1
schedul	potenti	1
schedul	stage	3
schedul	shape	2
schedul	schedul-realtim-messag	1
schedul	maximum-link	2
schedul	bipartit-graph	1
schedul	assum	1
schedul	switch-open	1
schedul	fluid-polici-time	2
schedul	approach-flow-control	2
schedul	multioutput	2
schedul	arbit	2
schedul	node	5
schedul	guarante	1
schedul	maximum	3
schedul	packet-output	1
schedul	lessen	2
schedul	latenc-packet	1
schedul	includ	1
schedul	jianyu	1
schedul	polici-satisfi	1
schedul	applic	2
schedul	departur-order-obtain	1
schedul	track-fluid-polici	3
schedul	input-output-edf	2
schedul	inputqueu	1
schedul	set-elig-link	4
schedul	calcul	2
schedul	optim	1
schedul	solut	1
schedul	set-messag	2
schedul	summat	2
schedul	meet	2
schedul	construct	1
schedul	urgent-schedul	2
schedul	constant	2
schedul	weight-node-urgent	2
schedul	arriv-process	2
schedul	match	5
schedul	junzhou	1
schedul	weight-vertex	2
schedul	node-case	1
schedul	provid-schedul	2
schedul	shen	1
schedul	interv	1
schedul	packet-deadlin	2
schedul	percentag	1
schedul	link-critic-port	1
schedul	februari	1
schedul	track	2
schedul	independ-futur-arriv	1
schedul	maxim	2
schedul	investig	2
schedul	period-messag	2
schedul	singl-link-singl	1
schedul	step	4
schedul	column	1
schedul	prove	1
schedul	number-packet-latenc	2
schedul	appropri	1
schedul	chang	1
schedul	base-assumpt	3
schedul	complex	2
schedul	match-select	2
schedul	question	1
schedul	problem-maximum	1
schedul	link-weight-match	1
schedul	weight-match-maximum	2
schedul	poor	1
schedul	vertex-weight	3
schedul	higher-prioriti	1
schedul	back	2
schedul	link	5
schedul	track-polici-show	1
schedul	perform	4
schedul	algorithm	8
schedul	arriv	5
schedul	effici	1
schedul	problem	1
schedul	period	7
schedul	input-port-packet	1
schedul	yong	1
schedul	maximum-match-algorithm	1
schedul	exist	2
schedul	traffic	4
schedul	vertex	1
schedul	futur	1
schedul	track-polici-loos	2
schedul	packetswitch-network	1
schedul	repeat	3
schedul	sequenc	1
schedul	time	7
schedul	nonanticip	2
schedul	schedul-period	1
schedul	input-queu-switch	1
schedul	consid	5
schedul	summat-criterion	2
schedul	network	3
schedul	gener-processor-share	2
schedul	schedul-work	2
schedul	mention	1
schedul	polici-call	1
schedul	reduc	2
schedul	futur-arriv	2
schedul	perlink-track-polici	1
schedul	hardrealtim	1
schedul	basic	3
address	condit	1
address	fluid-polici-input	1
address	problem	3
address	uneighbor	1
address	solut	1
address	neighbor	2
address	definit	2
address	end-slot	1
address	traffic-transfer	1
schedul-time-slot	weight-node-critic	1
schedul-time-slot	section-schedul-tdma	2
schedul-time-slot	result-match	2
schedul-time-slot	satellit-switch-provid	1
schedul-time-slot	miss-deadlin	1
schedul-time-slot	assum	2
schedul-time-slot	loss	1
schedul-time-slot	track-polici-select	1
schedul-time-slot	higher-prioriti	2
schedul-time-slot	link	2
schedul-time-slot	packet-polici-end	1
schedul-time-slot	algorithm	2
period	satellit-switch-input	1
period	approach-flow-control	2
period	model-messag	2
period	sort	2
period	multi	1
period	junzhou	1
period	queue	1
period	set-messag	1
period	model	1
period	shape	2
period	node	1
period	node-case	1
period	subsequ-messag-integ	2
period	gile-hajek	2
period	shen	1
period	guarante	1
period	hardrealtim	1
period	februari	1
period	schedul-realtim-messag	1
period	period-messag	2
period	jianyu	1
period	time-frame	2
period	constraint	1
period	prove	1
period	object-schedul-packet	4
period	effici	1
period	appropri	1
period	provid-schedul	2
period	base-assumpt	2
period	arriv	1
period	question	1
period	perform	1
period	algorithm	3
period	maximum	1
period	problem	3
period	yong	1
period	inputqueu	1
period	special-case-theta	1
period	packetswitch-network	1
period	repeat	2
period	network	1
period	gener-processor-share	2
track-polici-prove	tdma-satellit-switch	1
track-polici-prove	network	1
track-polici-prove	special-case-theta	1
track-polici-prove	applic	1
miss-deadlin	condit	1
miss-deadlin	futur	2
miss-deadlin	packet-polici-end	1
miss-deadlin	time	1
miss-deadlin	mention	1
miss-deadlin	critic-link-gener	1
miss-deadlin	suffici	1
miss-deadlin	link-critic-port	2
miss-deadlin	end-time-slot	1
miss-deadlin	node	1
miss-deadlin	assum	1
miss-deadlin	suffici-condit-port	1
miss-deadlin	time-slot-node	2
miss-deadlin	link	2
miss-deadlin	higher-prioriti	1
miss-deadlin	present	1
miss-deadlin	packet-deadlin	1
miss-deadlin	singl-link-share	1
miss-deadlin	independ-futur-arriv	1
miss-deadlin	denot	1
fashion	eventu	2
fashion	continu	2
fashion	rest	2
fashion	algorithm	1
fashion	uneighbor	2
fashion	show-hold	1
fashion	creat	1
fashion	track	1
path	belong	2
path	member	2
path	unsuccess	2
path	vertex	4
path	mention	2
path	node-path	2
path	node	3
path	match	1
path	start	1
path	node-step	1
path	includ	2
path	success	1
path	link	1
path	search	2
path	consist	2
path	maximum-degre-vertex	2
path	union	2
path	loop	2
comput	investig	1
comput	stage	3
comput	link	2
comput	processor	2
comput	algorithm	1
comput	signal	1
comput	arbit	2
comput	node	2
comput	calcul	1
output-port-assum	unit	1
output-port-assum	exist	1
output-port-assum	time	1
output-port-assum	queue	1
size-switch	line-rate	2
size-switch	match	1
size-switch	switch-size	2
size-switch	time	1
size-switch	degrad	2
size-switch	moder	2
size-switch	speed	1
size-switch	scenario	1
size-switch	suffici	2
size-switch	input-queue-attract	2
size-switch	sequenc	1
size-switch	heurist-algorithm-propos	2
size-switch	faster	1
size-switch	output	1
size-switch	limit	1
size-switch	problem	1
size-switch	switch-fabric	1
size-switch	observ	1
assum	begin-slot	2
assum	futur	1
assum	arriv	1
assum	futur-arriv	2
assum	time	2
assum	construct	2
assum	track-polici-select	2
assum	permut	2
assum	traffic	2
assum	chang	2
assum	loss	1
assum	track	1
assum	departur-order-obtain	2
assum	higher-prioriti	2
assum	link	2
assum	packet-polici-end	1
assum	tize	2
assum	polici-fluid-pack	2
assum	theta-switch-loss	1
switch-open	track-polici-convert	1
switch-open	schedul-problem	1
switch-open	polici-input-queue	2
switch-open	effici	1
switch-open	question	2
switch-open	search	1
switch-open	multioutput	1
switch-open	problem	2
switch-open	exist	2
switch-open	track-polici-perform	1
satellit-switch-input	model	2
satellit-switch-input	tdma	1
satellit-switch-input	special-case-theta	2
satellit-switch-input	object-schedul-packet	1
satellit-switch-input	problem	1
satellit-switch-input	fluid-polici-accomplish	1
satellit-switch-input	queue	2
theta-switch-concept	tdma-satellit-switch	1
theta-switch-concept	conclus	1
theta-switch-concept	applic	1
theta-switch-concept	polici-extend	1
theta-switch-concept	network	1
link-arbit	algorithm	1
link-arbit	link	2
depend-futur-arriv	polici-exist	1
depend-futur-arriv	implement	2
depend-futur-arriv	fluid-polici-packet	1
depend-futur-arriv	shown-track	1
depend-futur-arriv	track	1
latenc-packet	packet-consid	1
latenc-packet	interv	2
latenc-packet	input-output-edf	1
latenc-packet	input-port-packet	1
latenc-packet	schedul-period	2
latenc-packet	arriv	1
latenc-packet	consid	1
latenc-packet	time	2
perform-analysi	condit	1
perform-analysi	belong	1
perform-analysi	usag	2
perform-analysi	model	2
perform-analysi	networkdesign	2
perform-analysi	network	1
perform-analysi	arriv	2
perform-analysi	traffic	3
perform-analysi	design	1
perform-analysi	analysi	1
perform-analysi	treat	2
perform-analysi	understand	2
perform-analysi	perform	2
perform-analysi	realist	1
perform-analysi	time-slot-note	1
perform-analysi	packet-consid	2
perform-analysi	schedul-polici-design	2
approach-flow-control	schedul-realtim-messag	1
approach-flow-control	packetswitch-network	1
approach-flow-control	effici	1
approach-flow-control	jianyu	1
approach-flow-control	network	1
approach-flow-control	shape	1
approach-flow-control	node-case	2
approach-flow-control	gener-processor-share	3
approach-flow-control	perform	1
approach-flow-control	algorithm	1
approach-flow-control	node	2
approach-flow-control	shen	1
approach-flow-control	guarante	1
approach-flow-control	yong	1
approach-flow-control	junzhou	1
approach-flow-control	hardrealtim	1
approach-flow-control	februari	1
approach-flow-control	inputqueu	1
singl-link-delay	traffic	1
singl-link-delay	shape	1
singl-link-delay	multiplex	2
singl-link-delay	optim	2
compon	link	1
compon	polici-time-slot	1
compon	definit	1
compon	sort	2
suffici-condit-word	packet-deadlin	1
suffici-condit-word	suffici-condit-port	1
suffici-condit-word	time	1
suffici-condit-word	denot	1
nonanticip-polici-exist	tdma-satellit-switch	1
nonanticip-polici-exist	special-case-switch	2
nonanticip-polici-exist	heurist-track-polici	1
nonanticip-polici-exist	elabor	1
nonanticip-polici-exist	shown-track	2
model-messag	investig	1
model-messag	complex	1
model-messag	prove	1
model-messag	sort	2
model-messag	simul	1
model-messag	arbit	1
model-messag	subsequ-messag-integ	2
model-messag	perform	1
model-messag	algorithm	1
model-messag	gile-hajek	2
model-messag	rate-messag	1
model-messag	switch-size	1
treat	usag	2
treat	model	2
treat	arriv	2
treat	traffic	2
treat	analysi	1
treat	understand	2
treat	perform	2
treat	realist	1
treat	networkdesign	2
basic	complet	1
basic	step	1
basic	stage	2
basic	track-polici-implement	1
basic	effici	1
basic	design-track	2
basic	approach-design-track	1
basic	intend	1
basic	match-select	1
basic	weight-node-urgent	1
basic	fluid-polici-time	1
basic	set-elig-link	2
basic	perform	1
basic	aggreg-traffic	1
basic	independ-futur-arriv	2
gener-case-heurist	simul	1
gener-case-heurist	percent	1
gener-case-heurist	track-fluid-polici	1
gener-case-heurist	track-properti	2
gener-case-heurist	polici-prove	1
gener-case-heurist	special-case-theta	1
gener-case-heurist	algorithm-good-perfect	2
fluid-polici-accomplish	model	1
fluid-polici-accomplish	tdma	2
fluid-polici-accomplish	special-case-theta	1
fluid-polici-accomplish	queue	1
immedi	arriv	2
immedi	servic	2
immedi	complet	2
immedi	specif	2
immedi	provid-schedul	1
immedi	start	2
immedi	consid-fluid	1
arbit	input-output-edf	1
arbit	rate-messag	1
arbit	applic	2
arbit	output	1
arbit	complex	2
arbit	speed	2
arbit	node	2
arbit	set-elig-link	1
arbit	match	2
arbit	packet-consid	1
arbit	signal	2
arbit	schedul-algorithm-propos	2
arbit	track	1
arbit	step	2
arbit	impos	2
arbit	stage	2
arbit	processor	2
arbit	suffici	1
arbit	link-weight-match	2
arbit	link	4
arbit	perform	1
arbit	algorithm	3
arbit	problem	1
arbit	vertex-weight	2
heurist-simul-algorithmi	schedul-multiperiod-tdma	2
perflow	consist	1
perflow	packet-track-polici	1
perflow	aggreg-traffic	1
perflow	node	1
arriv-process	track-fluid-polici	1
arriv-process	rate-link	1
arriv-process	network	1
arriv-process	model	1
arriv-process	arriv	3
arriv-process	traffic	4
arriv-process	back	2
arriv-process	assign-session	2
arriv-process	fluid-polici-time	1
arriv-process	backlog	1
arriv-process	nonanticip	2
arriv-process	time	2
search	track-polici-convert	2
search	time	1
search	vertex	2
search	mention	2
search	node	2
search	question	1
search	start	2
search	node-step	2
search	success	2
search	unsuccess	2
search	schedul-problem	2
search	packet-packet	1
sort	prove	1
sort	polici-time-slot	1
sort	link	1
sort	subsequ-messag-integ	2
sort	gile-hajek	2
sort	definit	1
theta-switch-recal	properti	1
theta-switch-recal	nonanticip-track-algorithm	1
theta-switch-recal	similar	1
theta-switch-recal	track-polici-theta	1
understand	usag	2
understand	model	2
understand	arriv	2
understand	traffic	2
understand	analysi	1
understand	perform	2
understand	realist	1
understand	networkdesign	2
assign-session	rate-link	1
assign-session	network	2
assign-session	model	1
assign-session	arriv	1
assign-session	traffic	3
assign-session	backlog	1
fluid-polici-time	transmiss	1
fluid-polici-time	nonanticip	1
fluid-polici-time	time	1
fluid-polici-time	transmiss-packet	2
fluid-polici-time	fluid-polici-start	2
fluid-polici-time	arriv	1
fluid-polici-time	traffic	1
fluid-polici-time	back	1
fluid-polici-time	packet-polici-note	1
fluid-polici-time	definit	1
fluid-polici-time	independ-futur-arriv	1
algorithm-deriv	similar	1
algorithm-deriv	optim	1
algorithm-deriv	maximum-match-algorithm	1
polici-exist	polici-convert	1
polici-exist	provid-packet-polici	1
polici-exist	track-polici-section	1
polici-exist	fluid-polici-packet	2
polici-exist	obtain-track	1
polici-exist	implement	1
polici-exist	shown-track	2
polici-exist	mention	1
polici-exist	deadlin-schedul	1
polici-exist	prespecifi	1
polici-exist	address-problem	1
polici-exist	algorithm	2
polici-exist	problem	2
polici-exist	track	2
present	mention	2
present	singl-link-share	2
present	end-time-slot	1
present	valid	1
present	independ-futur-arriv	2
present	node	2
track-pol-ici	precis	1
track-pol-ici	end-time-slot	1
track-pol-ici	packet-polici-latest	1
track-pol-ici	polici-call	1
track-pol-ici	fluid-polici-packet	2
track-pol-ici	definit-definit	1
multi	algorithm	2
multi	period-messag	1
multi	arriv	1
multi	schedul-period	1
multi	messag-period-object	1
packet-output	switch-fabric	1
packet-output	scenario	1
packet-output	time	2
packet-output	faster	1
servic	design	2
servic	translat	1
servic	complet	2
servic	start	2
servic	network	1
servic	provid-schedul	1
servic	arriv	2
servic	perform	2
servic	applic	2
servic	reli	1
servic	broad	2
servic	specif	2
servic	consid-fluid	1
properti	nonanticip-track-algorithm	2
properti	theta-case	1
properti	valid	1
properti	similar	2
properti	track-polici-theta	1
lessen	optim	1
lessen	reduc	2
lessen	match	1
lessen	weight-vertex	2
lessen	vertex-weight	2
lessen	link	1
lessen	bipartit-graph	1
lessen	track	1
input-output-edf	complex	1
input-output-edf	consid	1
input-output-edf	input-port-packet	1
input-output-edf	schedul-period	1
input-output-edf	arriv	1
input-output-edf	interv	1
input-output-edf	time	1
rate-messag	complex	1
calcul	investig	2
calcul	time	1
calcul	stage	2
calcul	end-time-slot	1
calcul	futur	1
calcul	arriv	1
calcul	node-step	1
calcul	futur-arriv	1
calcul	node	2
calcul	base-assumpt	2
singl-column-gammax	sincex	2
singl-column-gammax	contradict	2
singl-column-gammax	column	1
singl-column-gammax	prove	1
track-polici-exist	end-time-slot	1
track-polici-exist	fluid-polici-packet	1
track-polici-exist	perfect-track-polici	1
track-polici-exist	definit-definit	1
track-polici-exist	packet-polici-latest	1
track-polici-exist	question	2
track-polici-exist	precis	1
track-polici-exist	link	1
track-polici-exist	algorithm	2
schedul-problem	question	1
schedul-problem	track-polici-convert	2
schedul-problem	time	1
schedul-problem	packet-packet	1
observ	heurist-algorithm-propos	1
observ	degrad	2
loop	consist	2
loop	vertex	1
loop	maximum-degre-vertex	2
loop	union	2
loop	link	1
loop	node	1
equal-node	packet-time-slot	1
equal-node	step	2
equal-node	link	1
polici-satisfi	special-case-theta	1
polici-satisfi	singl-link-singl	2
polici-satisfi	time-frame	1
polici-satisfi	effect	1
polici-satisfi	object-schedul-packet	1
polici-satisfi	link	2
polici-satisfi	packet-deadlin	2
polici-satisfi	time	1
track-poli-cie	condit	2
track-poli-cie	fluid-polici-packet	1
track-poli-cie	recent	1
track-poli-cie	prove	1
track-poli-cie	traffic-transfer	1
track-poli-cie	elabor	2
track-poli-cie	explain	2
track-poli-cie	problem	1
track-poli-cie	track-polici-theta	1
track-poli-cie	definit	2
applic	incom	1
applic	design	2
applic	capabl	1
applic	polici-extend	1
applic	tdma-satellit-switch	2
applic	schedul-work	1
applic	traffic	2
applic	characterist	1
applic	arbitrari	2
applic	packet-deadlin	1
applic	percentag	1
applic	broad	2
applic	number-packet-miss	1
applic	impos	2
applic	column	1
applic	number-packet-latenc	2
applic	reli	1
applic	fraction	2
applic	link	2
applic	translat	1
applic	perform	5
applic	realist	1
applic	maximum	1
applic	percent	1
applic	special-case-theta	1
applic	time	2
applic	conclus	1
applic	network	6
applic	assump	1
junzhou	schedul-realtim-messag	1
junzhou	packetswitch-network	1
junzhou	effici	1
junzhou	jianyu	1
junzhou	network	1
junzhou	node-case	1
junzhou	gener-processor-share	1
junzhou	perform	1
junzhou	algorithm	1
junzhou	shen	1
junzhou	guarante	1
junzhou	yong	1
junzhou	hardrealtim	1
junzhou	februari	1
junzhou	inputqueu	1
departur-order-obtain	futur-arriv	2
departur-order-obtain	track	1
departur-order-obtain	arriv	1
departur-order-obtain	futur	1
departur-order-obtain	time	1
departur-order-obtain	chang	2
packet-polici-note	transmiss	1
packet-polici-note	fluid-polici-start	1
packet-polici-note	transmiss-packet	1
slot-fluid-polici	unit	1
slot-fluid-polici	consid-fluid	1
slot-fluid-polici	packet-polici-time	1
slot-fluid-polici	measur	1
slot-fluid-polici	broad	1
slot-fluid-polici	real	1
motiv	complet	1
motiv	intend	1
motiv	theta-case	1
motiv	perfect-track-properti	2
motiv	effici	1
motiv	approach-design-track	1
incom	perform	1
incom	network	2
incom	loss	1
incom	traffic	2
incom	characterist	2
incom	measur	1
incom	capabl	1
incom	probabl	1
input-output-pair	uniformli	1
input-output-pair	probabl	2
input-output-pair	period-messag	1
input-output-pair	task	1
queue	unit	2
queue	fluid-polici-input	2
queue	time	2
queue	servic-flow-fluid	1
queue	model	2
queue	tdma	1
queue	object-schedul-packet	1
queue	calculu-network-delay	1
queue	special-case-theta	2
queue	theorem	2
queue	exist	2
queue	output	1
queue	nonanticip	1
queue	problem	1
queue	arbitrari	2
queue	algorithm	1
uniti	question	1
uniti	constraint	1
uniti	condit-schedul	2
uniti	provid-schedul	2
uniti	consid-fluid	1
track-fluid-polici	fluid-polici-input	2
track-fluid-polici	solut-problem	2
track-fluid-polici	philp	1
track-fluid-polici	urgent-schedul	2
track-fluid-polici	traffic	1
track-fluid-polici	packet-polici-satisfi	2
track-fluid-polici	output-port-fluid	1
track-fluid-polici	packet-polici-constraint	2
track-fluid-polici	condit	1
track-fluid-polici	leftmost	1
track-fluid-polici	provid-packet-polici	2
track-fluid-polici	track-polici-loos	2
track-fluid-polici	matrix-schedul	2
track-fluid-polici	constraint	1
track-fluid-polici	simul	2
track-fluid-polici	delay-constraint	2
track-fluid-polici	end-slot	2
track-fluid-polici	address-problem	1
track-fluid-polici	arriv	1
track-fluid-polici	fluid-polici-deriv	2
track-fluid-polici	packet-slot	2
track-fluid-polici	link	2
track-fluid-polici	algorithm-good-perfect	1
track-fluid-polici	perform	1
track-fluid-polici	algorithm	2
track-fluid-polici	nonanticip	1
track-fluid-polici	problem	1
track-fluid-polici	percent	2
track-fluid-polici	number-packet-complet	1
track-fluid-polici	time	1
track-fluid-polici	consid	1
track-fluid-polici	traffic-transfer	1
track-fluid-polici	track-properti	1
track-fluid-polici	assump	1
track-fluid-polici	track	1
track-fluid-polici	back	1
port-exceed	transmiss	2
port-exceed	number-packet-complet	2
port-exceed	time	1
port-exceed	serv-fcf-polici	1
port-exceed	end-slot	1
port-exceed	ensur	1
port-exceed	port-capac	1
port-exceed	packet-consid	1
port-exceed	transmiss-slot-packet	1
port-exceed	part	1
port-exceed	necessarili	1
port-exceed	total-servic-rate	2
port-exceed	output-input-port	2
design	provid-packet-polici	1
design	network	1
design	packet-consid	1
design	address-problem	1
design	perform	2
design	reli	1
design	heurist-track-polici	2
design	translat	1
design	prespecifi	1
design	packet-deadlin	1
design	schedul-polici-design	1
design	broad	2
heurist-algorithm-continu	section-schedul-tdma	1
heurist-algorithm-continu	investig	1
heurist-algorithm-continu	satellit-switch-provid	1
heurist-algorithm-continu	analysi	2
fluid-polici-input	condit	2
fluid-polici-input	servic-flow-fluid	1
fluid-polici-input	traffic-transfer	2
fluid-polici-input	end-slot	2
fluid-polici-input	theorem	2
fluid-polici-input	arbitrari	2
fluid-polici-input	algorithm	1
fluid-polici-input	nonanticip	1
fluid-polici-input	problem	1
belong	condit	2
belong	member	3
belong	vertex	1
belong	network	2
belong	node-path	2
belong	node	2
belong	match	2
belong	packet-consid	1
belong	includ	2
belong	traffic	2
belong	time-slot-note	2
belong	schedul-polici-design	1
member	match	2
member	includ	2
member	optim	1
member	vertex	2
member	node	2
member	node-path	2
complex	vertex	1
complex	poor	2
complex	solut	1
complex	perfect-track-polici	1
complex	link-weight-match	2
complex	consid	1
complex	good-perfect-perform	2
complex	calculu-network-delay	1
complex	heurist-track-polici	2
complex	maximum-link	1
complex	problem-maximum	2
complex	match	1
complex	link-increas	2
complex	weight-match-maximum	1
complex	perform	2
complex	maximum-match-algorithm	2
complex	tradeoff	2
complex	algorithm	4
subpermut-matrix-note	noninteg-redefin	1
subpermut-matrix-note	column	1
link-increas	algorithm	2
link-increas	tradeoff	2
eventu	continu	2
eventu	rest	2
eventu	algorithm	1
eventu	uneighbor	2
eventu	show-hold	1
eventu	creat	1
eventu	track	1
complet	intend	2
complet	perfect-track-properti	1
complet	approach-design-track	2
complet	effici	2
complet	design-track	1
complet	provid-schedul	1
complet	arriv	2
complet	start	2
complet	specif	2
complet	consid-fluid	1
structur	mention	1
structur	prove	1
structur	bipartit-graph	1
solut-problem	leftmost	1
solut-problem	number-packet-complet	1
solut-problem	matrix-schedul	2
solut-problem	output-port-fluid	1
solut-problem	end-slot	1
solut-problem	address-problem	1
solut-problem	packet-slot	2
solut-problem	uneighbor	1
optim	vertex	2
optim	vice	1
optim	shape	1
optim	multiplex	2
optim	versa	1
optim	match	2
optim	traffic	1
optim	weight-vertex	1
optim	vertex-weight	1
optim	reduc	1
fluid-polici-depend	futur	2
fluid-polici-depend	futur-arriv	2
fluid-polici-depend	rate-link	2
fluid-polici-depend	end-time-slot	1
fluid-polici-depend	arriv	1
fluid-polici-depend	traffic	1
fluid-polici-depend	backlog	1
fluid-polici-depend	model	1
fluid-polici-depend	nonanticip	2
permit	output	1
permit	real	1
permit	unit	2
permit	measur	1
switch-size	percent	1
switch-size	number-packet-miss	1
switch-size	investig	2
switch-size	line-rate	2
switch-size	sequenc	1
switch-size	time	1
switch-size	faster	1
switch-size	moder	2
switch-size	switch-fabric	1
switch-size	speed	1
switch-size	scenario	1
switch-size	simul	2
switch-size	match	1
switch-size	algorithm	2
switch-size	suffici	2
switch-size	perform	2
switch-size	output	1
switch-size	maximum	1
switch-size	limit	1
switch-size	problem	1
switch-size	input-queue-attract	2
effect	backlog	1
effect	singl-link-singl	1
effect	packet-deadlin	1
effect	link	2
solut	vertex	2
solut	consid	2
solut	neighbor	1
solut	poor	1
solut	problem-maximum	1
solut	match-select	1
solut	weight-node-urgent	1
solut	set-elig-link	1
solut	match	2
solut	algorithm	1
solut	link-weight-match	1
solut	uneighbor	1
solut	perform	2
solut	problem	1
solut	maximum-match-algorithm	1
solut	definit	1
capabl	network	2
capabl	analysi	1
capabl	characterist	1
capabl	traffic	1
polici-extend	tdma-satellit-switch	1
polici-extend	conclus	2
polici-extend	network	1
fluid-polici-packet	polici-convert	1
fluid-polici-packet	shown-track	2
fluid-polici-packet	obtain-track	1
fluid-polici-packet	definit-definit	2
fluid-polici-packet	mention	1
fluid-polici-packet	deadlin-schedul	1
fluid-polici-packet	implement	1
fluid-polici-packet	end-time-slot	2
fluid-polici-packet	polici-call	1
fluid-polici-packet	question	1
fluid-polici-packet	precis	2
fluid-polici-packet	servic-flow-fluid	1
fluid-polici-packet	problem	1
fluid-polici-packet	specif	1
fluid-polici-packet	packet-polici-latest	2
fluid-polici-packet	traffic-transfer	2
fluid-polici-packet	definit	1
fluid-polici-packet	track	1
perfect-track-polici	algorithm	1
perfect-track-polici	heurist-track-polici	1
perfect-track-polici	good-perfect-perform	1
implement	shown-track	1
implement	track	1
recent	track-polici-theta	2
recent	definit	1
recent	prove	2
recent	theorem	1
task	probabl	1
task	period-messag	1
moder	line-rate	2
moder	sequenc	1
moder	time	1
moder	scenario	1
moder	switch-fabric	1
moder	speed	1
moder	suffici	2
moder	input-queue-attract	2
moder	match	1
moder	faster	1
moder	output	1
moder	limit	1
moder	problem	1
scenario	time	2
scenario	switch-fabric	2
scenario	line-rate	1
scenario	suffici	1
scenario	input-queue-attract	1
scenario	faster	2
mention	consid	1
mention	polici-convert	2
mention	unsuccess	2
mention	shown-track	1
mention	vertex	1
mention	obtain-track	2
mention	deadlin-schedul	2
mention	node-step	1
mention	end-time-slot	1
mention	start	1
mention	success	1
mention	node	4
mention	algorithm	1
mention	valid	1
mention	problem	2
mention	singl-link-share	2
mention	independ-futur-arriv	2
tdma-satellit-switch	special-case-theta	1
tdma-satellit-switch	special-case-switch	1
tdma-satellit-switch	shown-track	1
tdma-satellit-switch	consid	1
tdma-satellit-switch	conclus	1
tdma-satellit-switch	network	2
tdma-satellit-switch	elabor	2
servic-flow-fluid	traffic-transfer	1
servic-flow-fluid	theorem	1
servic-flow-fluid	traffic	1
servic-flow-fluid	packet-track-polici	1
servic-flow-fluid	specif	2
servic-flow-fluid	arbitrari	1
servic-flow-fluid	realtim	1
servic-flow-fluid	nonanticip	2
servic-flow-fluid	exist	1
set-messag	period-messag	2
set-messag	appropri	1
set-messag	lpm-unit-length	2
set-messag	provid-schedul	2
set-messag	algorithm	2
set-messag	maximum	1
philp	gile-hajek	1
philp	packet-polici-constraint	1
philp	provid-packet-polici	1
philp	packet-polici-satisfi	1
philp	delay-constraint	2
philp	constraint	1
philp	prove	1
model	futur	1
model	special-case-theta	2
model	usag	2
model	futur-arriv	1
model	rate-link	2
model	tdma	1
model	object-schedul-packet	1
model	arriv	4
model	perform	2
model	traffic	4
model	analysi	1
model	realist	1
model	backlog	2
model	nonanticip	1
model	problem	1
model	networkdesign	2
graph-base-summat	prioriti-criterion-optim	1
graph-base-summat	summat-criterion	1
graph-base-summat	prove	1
summat	node	1
summat	maxim	2
summat	step	1
summat	summat-criterion	2
meet	packet-deadlin	1
meet	sequenc	1
construct	begin-slot	2
construct	permut	2
construct	tize	2
construct	track-polici-show	1
construct	traffic	2
construct	polici-fluid-pack	2
construct	track	1
noninteg-redefin	begin-slot	1
noninteg-redefin	creat	1
noninteg-redefin	column	2
rest	continu	2
rest	algorithm	1
rest	uneighbor	2
rest	show-hold	1
rest	creat	1
rest	track	1
subpermut-matrix-case	column	1
shape	traffic	1
shape	gener-processor-share	1
shape	node	1
shape	multiplex	1
polici-prove	stanc	1
polici-prove	fluid-polici-manner	1
polici-prove	track-properti	1
polici-prove	special-case-theta	2
polici-prove	algorithm-good-perfect	1
polici-prove	circum	1
multiplex	traffic	1
fluid-polici-start	transmiss	1
fluid-polici-start	definit	1
fluid-polici-start	transmiss-packet	2
good-perfect-perform	heurist-track-polici	2
good-perfect-perform	calculu-network-delay	1
speed	line-rate	1
speed	schedul-algorithm-propos	2
speed	sequenc	2
speed	suffici	3
speed	input-queue-attract	1
speed	match	2
speed	packet-consid	1
speed	output	3
speed	problem	2
speed	limit	2
design-track	effici	1
design-track	intend	1
design-track	track-polici-implement	1
design-track	approach-design-track	1
lpm-unit-length	period-messag	2
lpm-unit-length	problem	1
calculu-network-delay	algorithm	1
calculu-network-delay	heurist-track-polici	1
polici-call	exist	1
schedul-work	network	1
schedul-work	number-packet-latenc	1
schedul-work	traffic	2
polici-time-slot	definit	2
node	result-match	1
node	stage	2
node	valid	1
node	match	6
node	node-step	2
node	node-case	1
node	success	2
node	algorithmfind	1
node	maximum-degre-vertex	1
node	exceed	1
node	union	1
node	singl-link-share	2
node	independ-futur-arriv	2
node	maxim	1
node	period-messag	1
node	step	5
node	unsuccess	1
node	search-result-match	3
node	processor	2
node	end-time-slot	1
node	signal	1
node	start	2
node	includ	3
node	weight-match-maximum	1
node	higher-prioriti	2
node	link	4
node	maximum-link	1
node	algorithm	3
node	consist	4
node	similar	1
node	priorit-criterion	1
node	maximum-match-algorithm	1
node	aggreg-traffic	2
node	repeat	2
node	vertex	3
node	consid	2
node	summat-criterion	1
node	uniformli	1
node	gener-processor-share	2
node	node-path	2
multiperiod-tdma-satellit	potenti	2
valid	switch-heurist-algorithm	1
valid	nonanticip-track-algorithm	1
valid	question	1
valid	measur	2
valid	theta-case	1
valid	similar	1
valid	singl-link-share	1
valid	confirm	2
valid	independ-futur-arriv	1
critic-node-section	precis	2
critic-node-section	link	1
critic-node-section	definit	2
versa	vice	2
theorem	prove	1
theorem	nonanticip	1
theorem	track-polici-theta	1
theorem	arbitrari	2
weight-node-urgent	perform	2
weight-node-urgent	set-elig-link	2
weight-node-urgent	vertex	1
weight-node-urgent	match	1
weight-node-urgent	stage	1
weight-node-urgent	consid	1
weight-node-urgent	match-select	2
set-elig-link	link	1
set-elig-link	match	2
set-elig-link	stage	2
set-elig-link	consid	1
set-elig-link	vertex	1
set-elig-link	match-select	2
set-elig-link	algorithm	1
set-elig-link	vertex-weight	1
set-elig-link	perform	2
set-elig-link	step	2
match	line-rate	1
match	limit	2
match	weight-vertex	1
match	maximum-match-algorithm	1
match	algorithmfind	2
match	output	2
match	track	1
match	step	3
match	search-result-match	1
match	suffici	2
match	problem-maximum	1
match	match-select	1
match	input-queue-attract	1
match	includ	3
match	link-weight-match	1
match	weight-match-maximum	1
match	poor	1
match	vertex-weight	3
match	higher-prioriti	2
match	link	2
match	maximum-link	1
match	perform	2
match	algorithm	5
match	problem	3
match	weight-node-critic	1
match	repeat	1
match	sequenc	2
match	vertex	4
match	consid	3
match	reduc	1
match	node-path	2
real	consid-fluid	1
real	measur	2
real	packet-polici-time	1
real	broad	1
real	unit	2
packet-consid	schedul-algorithm-propos	1
packet-consid	schedul-period	1
packet-consid	network	1
packet-consid	total-servic-rate	1
packet-consid	traffic	1
packet-consid	condit	1
packet-consid	time-slot-note	1
packet-consid	interv	1
packet-consid	schedul-polici-design	2
packet-consid	output-input-port	1
packet-consid	time	1
node-step	start	2
node-step	unsuccess	1
node-step	vertex	2
node-step	success	2
loss	network	2
loss	track-polici-select	1
loss	traffic	1
loss	characterist	1
loss	measur	2
loss	higher-prioriti	1
loss	link	1
loss	translat	1
loss	perform	2
loss	probabl	2
suffici-condit-port	critic-link-gener	1
suffici-condit-port	condit	1
suffici-condit-port	denot	2
suffici-condit-port	packet-deadlin	2
suffici-condit-port	time-slot-node	1
suffici-condit-port	suffici	1
suffici-condit-port	time	2
heurist-track-polici	link	2
heurist-track-polici	provid-packet-polici	1
heurist-track-polici	address-problem	1
heurist-track-polici	reli	1
heurist-track-polici	notion-port-track	3
heurist-track-polici	prespecifi	1
heurist-track-polici	packet-deadlin	1
realiz	leftmost	1
realiz	number-packet-complet	1
realiz	end-slot	1
realiz	output-port-fluid	1
realiz	ensur	1
traffic	characterist	2
traffic	measur	1
traffic	permut	2
traffic	tize	2
traffic	backlog	2
traffic	polici-fluid-pack	2
traffic	schedul-polici-design	1
traffic	begin-slot	2
traffic	condit	2
traffic	usag	2
traffic	futur-arriv	1
traffic	number-packet-latenc	1
traffic	arriv	6
traffic	realtim	2
traffic	analysi	1
traffic	back	2
traffic	perform	3
traffic	realist	1
traffic	time-slot-note	2
traffic	nonanticip	4
traffic	networkdesign	2
traffic	exist	1
traffic	probabl	1
traffic	futur	1
traffic	time	2
traffic	network	7
traffic	rate-link	2
weight-vertex	reduc	2
weight-vertex	vertex-weight	2
weight-vertex	link	2
weight-vertex	bipartit-graph	1
weight-vertex	track	2
elabor	condit	2
elabor	special-case-switch	1
elabor	shown-track	1
elabor	consid	1
elabor	track-polici-implement	1
elabor	explain	2
elabor	base-track	2
elabor	link	2
elabor	problem	1
part	transmiss	1
part	transmiss-packet	1
part	serv-fcf-polici	2
part	transmiss-slot-packet	2
part	number-packet-complet	1
part	necessarili	2
part	end-slot	2
characterist	perform	1
characterist	network	2
characterist	measur	1
characterist	probabl	1
node-case	schedul-realtim-messag	1
node-case	packetswitch-network	1
node-case	effici	1
node-case	jianyu	1
node-case	network	1
node-case	gener-processor-share	2
node-case	perform	1
node-case	algorithm	1
node-case	shen	1
node-case	guarante	1
node-case	yong	1
node-case	hardrealtim	1
node-case	februari	1
node-case	inputqueu	1
measur	unit	2
measur	switch-heurist-algorithm	1
measur	question	1
measur	network	2
measur	translat	1
measur	perform	2
measur	consid-fluid	1
measur	packet-polici-time	1
measur	confirm	2
measur	broad	1
measur	probabl	2
specif	provid-schedul	1
specif	arriv	2
specif	start	2
specif	packet-track-polici	1
specif	traffic-transfer	1
specif	consid-fluid	1
success	start	2
success	unsuccess	1
success	vertex	2
arbitrari	time	2
arbitrari	assump	1
arbitrari	fraction	2
arbitrari	link	2
arbitrari	perform	1
arbitrari	realist	1
arbitrari	nonanticip	1
contradict	sincex	2
contradict	column	1
contradict	prove	1
signal	algorithm	2
signal	processor	1
signal	link-weight-match	1
signal	link	1
signal	stage	1
algorithmfind	search-result-match	1
algorithmfind	algorithm	1
algorithmfind	vertex	2
packet-polici-end	link	1
packet-polici-end	higher-prioriti	1
track-polici-loos	problem	1
track-polici-loos	track	1
track-polici-loos	link	2
track-polici-loos	urgent-schedul	2
packet-polici-satisfi	packet-polici-constraint	2
packet-polici-satisfi	provid-packet-polici	2
packet-polici-satisfi	delay-constraint	2
packet-polici-satisfi	constraint	1
delay-constraint	gile-hajek	1
delay-constraint	packet-polici-constraint	2
delay-constraint	provid-packet-polici	2
delay-constraint	prove	1
delay-constraint	constraint	1
heurist-algorithm-propos	degrad	2
subsequ-messag-integ	gile-hajek	2
subsequ-messag-integ	prove	1
permut	begin-slot	2
permut	polici-fluid-pack	2
permut	tize	2
bipartit-graph	prove	1
bipartit-graph	reduc	1
bipartit-graph	vertex-weight	1
bipartit-graph	link	1
bipartit-graph	track	1
realtim	nonanticip	1
realtim	exist	1
output	unit	2
output	line-rate	1
output	exist	1
output	suffici	3
output	input-queue-attract	1
output	sequenc	2
output	time	1
output	limit	2
output	problem	2
output	schedul-algorithm-propos	1
consid-fluid	unit	1
consid-fluid	provid-schedul	2
consid-fluid	arriv	1
consid-fluid	start	1
consid-fluid	broad	2
consid-fluid	input-port-destin	1
consid-fluid	output-port-serv	1
consid-fluid	packet-polici-time	1
consid-fluid	condit-schedul	1
tize	begin-slot	2
tize	polici-fluid-pack	2
backlog	link	1
backlog	futur	1
backlog	futur-arriv	1
backlog	rate-link	2
backlog	arriv	2
backlog	nonanticip	1
weight-match-bipartit	base-track	2
weight-match-bipartit	link	1
maximum-degre-vertex	consist	2
maximum-degre-vertex	vertex	1
maximum-degre-vertex	union	2
maximum-degre-vertex	link	1
exceed	link	1
gile-hajek	prove	2
shen	schedul-realtim-messag	1
shen	packetswitch-network	1
shen	effici	1
shen	jianyu	1
shen	network	1
shen	gener-processor-share	1
shen	perform	1
shen	algorithm	1
shen	guarante	1
shen	yong	1
shen	hardrealtim	1
shen	februari	1
shen	inputqueu	1
interv	input-port-destin	1
interv	time	4
interv	schedul-period	2
interv	consid	1
interv	start	1
interv	end-time-slot	2
interv	arriv	1
interv	output-port-serv	1
interv	input-port-packet	1
critic-link-schedul	packet-time-slot	1
critic-link-schedul	link	1
critic-link-schedul	stage	1
packet-deadlin	condit	1
packet-deadlin	denot	2
packet-deadlin	sequenc	2
packet-deadlin	provid-packet-polici	1
packet-deadlin	time	2
packet-deadlin	critic-link-gener	1
packet-deadlin	address-problem	1
packet-deadlin	suffici	1
packet-deadlin	singl-link-singl	2
packet-deadlin	theta-case	1
packet-deadlin	time-slot-node	1
packet-deadlin	link	2
packet-deadlin	prespecifi	1
percentag	network	1
percentag	number-packet-latenc	1
percentag	column	2
polici-fluid-pack	begin-slot	2
packet-polici-time	unit	1
packet-polici-time	broad	1
singl-link-share	end-time-slot	1
singl-link-share	independ-futur-arriv	2
packet-polici-constraint	provid-packet-polici	2
packet-polici-constraint	constraint	1
guarante	schedul-realtim-messag	1
guarante	packetswitch-network	1
guarante	effici	1
guarante	jianyu	1
guarante	network	1
guarante	gener-processor-share	1
guarante	perform	1
guarante	algorithm	1
guarante	yong	1
guarante	hardrealtim	1
guarante	februari	1
guarante	inputqueu	1
track-polici-theta	nonanticip-track-algorithm	1
track-polici-theta	prove	2
track-polici-theta	similar	1
track-polici-theta	definit	1
messag-arriv	period-messag	1
messag-arriv	messag-period-object	1
messag-arriv	schedul-period	1
total-servic-rate	port-capac	1
total-servic-rate	output-input-port	2
total-servic-rate	time	1
schedul-polici-design	condit	1
schedul-polici-design	network	1
schedul-polici-design	time-slot-note	1
confirm	question	1
confirm	switch-heurist-algorithm	1
hardrealtim	schedul-realtim-messag	1
hardrealtim	packetswitch-network	1
hardrealtim	effici	1
hardrealtim	jianyu	1
hardrealtim	network	1
hardrealtim	gener-processor-share	1
hardrealtim	perform	1
hardrealtim	algorithm	1
hardrealtim	yong	1
hardrealtim	februari	1
hardrealtim	inputqueu	1
broad	unit	1
broad	input-port-destin	1
broad	network	1
broad	reli	1
broad	translat	1
broad	perform	2
broad	output-port-serv	1
definit	transmiss-packet	1
definit	uneighbor	1
definit	prove	1
definit	traffic-transfer	1
definit	precis	2
definit	link	1
definit	neighbor	2
definit	problem	2
februari	schedul-realtim-messag	1
februari	packetswitch-network	1
februari	effici	1
februari	jianyu	1
februari	network	1
februari	gener-processor-share	1
februari	perform	1
februari	algorithm	1
februari	yong	1
februari	inputqueu	1
condit-schedul	question	1
condit-schedul	constraint	1
condit-schedul	provid-schedul	2
track	link	4
track	step	1
track	continu	1
track	shown-track	1
track	uneighbor	1
track	reduc	1
track	chang	1
track	vertex-weight	2
track	futur-arriv	1
track	algorithm	2
track	creat	1
track	urgent-schedul	1
track	problem	3
independ-futur-arriv	end-time-slot	1
track-polici-perform	problem	1
track-polici-perform	effici	2
track-polici-perform	polici-input-queue	1
track-polici-perform	exist	1
unit	time	3
unit	exist	2
unit	track-polici-input	1
begin-slot	column	1
begin-slot	algorithm	1
begin-slot	creat	2
condit	time	1
condit	network	2
condit	critic-link-gener	1
condit	explain	2
condit	end-slot	2
condit	suffici	1
condit	algorithm	1
condit	time-slot-node	1
condit	traffic-transfer	2
condit	time-slot-note	2
condit	problem	2
condit	denot	1
leftmost	number-packet-complet	2
leftmost	matrix-schedul	1
leftmost	output-port-fluid	2
leftmost	packet-slot	1
leftmost	end-slot	2
fluid-polici-manner	stanc	2
fluid-polici-manner	special-case-theta	1
fluid-polici-manner	circum	2
schedul-realtim-messag	packetswitch-network	1
schedul-realtim-messag	effici	1
schedul-realtim-messag	jianyu	1
schedul-realtim-messag	network	1
schedul-realtim-messag	gener-processor-share	1
schedul-realtim-messag	perform	1
schedul-realtim-messag	algorithm	1
schedul-realtim-messag	yong	1
schedul-realtim-messag	inputqueu	1
number-packet-miss	perform	1
number-packet-miss	percent	2
number-packet-miss	maximum	2
maxim	step	1
maxim	summat-criterion	2
investig	stage	2
investig	input-queu-switch	2
investig	analysi	1
investig	simul	3
investig	perform	3
investig	algorithm	2
period-messag	repeat	2
period-messag	schedul-period	2
period-messag	messag-period-object	2
period-messag	uniformli	2
period-messag	arriv	1
period-messag	maximum	1
period-messag	algorithm	1
period-messag	base-assumpt	1
period-messag	probabl	1
singl-link-singl	link	2
result-match	weight-node-critic	1
result-match	section-schedul-tdma	2
result-match	search-result-match	1
result-match	satellit-switch-provid	1
result-match	algorithm	2
usag	arriv	2
usag	analysi	1
usag	perform	2
usag	realist	1
usag	networkdesign	2
track-polici-convert	question	1
track-polici-convert	time	1
track-polici-convert	packet-packet	1
input-port-destin	output-port-serv	2
input-port-destin	end-time-slot	1
input-port-destin	time	1
futur-arriv	futur	3
futur-arriv	time	2
futur-arriv	rate-link	2
futur-arriv	end-time-slot	1
futur-arriv	chang	2
futur-arriv	arriv	2
futur-arriv	base-assumpt	1
futur-arriv	nonanticip	2
step	packet-time-slot	1
step	link	3
step	repeat	2
step	summat-criterion	1
step	stage	1
step	algorithm	3
step	weight-match-maximum	1
step	maximum-link	1
step	vertex-weight	2
step	problem	1
step	priorit-criterion	1
unsuccess	start	1
unsuccess	vertex	1
jianyu	packetswitch-network	1
jianyu	effici	1
jianyu	network	1
jianyu	gener-processor-share	1
jianyu	perform	1
jianyu	algorithm	1
jianyu	yong	1
jianyu	inputqueu	1
time-frame	object-schedul-packet	4
time-frame	time	2
impos	perform	1
provid-packet-polici	track-polici-section	1
provid-packet-polici	constraint	1
provid-packet-polici	prespecifi	2
provid-packet-polici	address-problem	2
provid-packet-polici	algorithm	1
stage	link	3
stage	processor	2
stage	packet-time-slot	1
stage	match-select	1
stage	perform	1
stage	algorithm	1
continu	algorithm	1
continu	uneighbor	2
continu	show-hold	1
continu	creat	1
matrix-schedul	number-packet-complet	1
matrix-schedul	output-port-fluid	1
matrix-schedul	end-slot	1
matrix-schedul	address-problem	1
matrix-schedul	packet-slot	2
obtain-track	polici-convert	2
obtain-track	shown-track	1
obtain-track	deadlin-schedul	2
obtain-track	end-time-slot	1
obtain-track	algorithm	1
obtain-track	similar	1
obtain-track	problem	2
messag-period-object	algorithm	1
messag-period-object	schedul-period	2
messag-period-object	arriv	1
constraint	provid-schedul	2
constraint	question	2
column	network	1
column	prove	2
column	number-packet-latenc	1
column	sincex	1
column	creat	1
approach-design-track	intend	2
approach-design-track	effici	2
approach-design-track	perfect-track-properti	1
prove	aggreg-traffic	1
prove	consid	2
prove	sincex	1
prove	perlink-track-polici	2
prove	exist	2
simul	percent	2
simul	algorithm-good-perfect	1
simul	input-queu-switch	2
simul	track-properti	1
simul	perform	4
simul	algorithm	2
search-result-match	similar	1
search-result-match	vertex	1
search-result-match	maximum-match-algorithm	1
stanc	special-case-theta	1
stanc	circum	2
track-polici-implement	base-track	1
track-polici-implement	link	1
neighbor	problem	2
neighbor	uneighbor	1
output-port-fluid	number-packet-complet	2
output-port-fluid	packet-slot	1
output-port-fluid	end-slot	2
number-packet-latenc	network	2
switch-fabric	time	2
switch-fabric	line-rate	1
switch-fabric	suffici	1
switch-fabric	input-queue-attract	1
switch-fabric	faster	2
processor	algorithm	1
processor	link	2
link-critic-port	futur	2
satellit-switch-provid	algorithm	1
satellit-switch-provid	section-schedul-tdma	2
satellit-switch-provid	analysi	1
object-schedul-packet	special-case-theta	1
object-schedul-packet	time	2
object-schedul-packet	arriv	1
object-schedul-packet	problem	2
nonanticip-track-algorithm	theta-case	1
nonanticip-track-algorithm	similar	2
effici	packetswitch-network	1
effici	intend	2
effici	polici-input-queue	1
effici	network	1
effici	inputqueu	1
effici	exist	1
effici	gener-processor-share	1
effici	perform	1
effici	algorithm	1
effici	problem	1
effici	perfect-track-properti	1
effici	yong	1
end-time-slot	time	2
end-time-slot	start	1
end-time-slot	packet-polici-latest	2
end-time-slot	futur	2
end-time-slot	definit-definit	2
end-time-slot	arriv	1
end-time-slot	question	1
end-time-slot	precis	2
end-time-slot	nonanticip	1
end-time-slot	rate-link	1
end-time-slot	output-port-serv	1
end-time-slot	base-assumpt	1
deadlin-schedul	algorithm	1
deadlin-schedul	problem	2
deadlin-schedul	shown-track	1
deadlin-schedul	polici-convert	2
critic-link-gener	time-slot-node	1
critic-link-gener	denot	1
critic-link-gener	suffici	1
critic-link-gener	time	1
appropri	algorithm	1
appropri	provid-schedul	1
explain	problem	1
end-slot	transmiss	1
end-slot	transmiss-packet	1
end-slot	serv-fcf-polici	2
end-slot	transmiss-slot-packet	2
end-slot	packet-slot	1
end-slot	number-packet-complet	3
end-slot	traffic-transfer	2
end-slot	algorithm	1
end-slot	necessarili	2
end-slot	problem	1
address-problem	track-polici-section	1
address-problem	prespecifi	2
address-problem	packet-slot	1
address-problem	algorithm	1
ensur	number-packet-complet	1
ensur	transmiss	1
chang	arriv	1
chang	futur	1
chang	time	1
provid-schedul	arriv	1
provid-schedul	question	2
provid-schedul	start	1
provid-schedul	algorithm	2
provid-schedul	maximum	1
track-polici-select	link	1
track-polici-select	time	1
track-polici-select	theta-switch-loss	1
track-polici-select	higher-prioriti	1
base-assumpt	futur	1
base-assumpt	time	1
base-assumpt	arriv	1
base-assumpt	repeat	1
arriv	input-port-packet	1
arriv	analysi	1
arriv	back	2
arriv	perform	2
arriv	algorithm	1
arriv	realist	1
arriv	maximum	2
arriv	nonanticip	3
arriv	problem	1
arriv	networkdesign	2
arriv	rate-link	2
arriv	futur	3
arriv	time	6
arriv	schedul-period	2
arriv	consid	1
arriv	start	2
suffici	line-rate	2
suffici	time	2
suffici	time-slot-node	1
suffici	sequenc	2
suffici	faster	1
suffici	limit	2
suffici	problem	2
suffici	schedul-algorithm-propos	1
suffici	input-queue-attract	2
suffici	denot	1
problem-maximum	perform	2
problem-maximum	algorithm	2
problem-maximum	vertex	1
problem-maximum	link-weight-match	2
problem-maximum	poor	2
problem-maximum	weight-match-maximum	1
problem-maximum	consid	1
problem-maximum	maximum-match-algorithm	2
problem-maximum	maximum-link	1
match-select	perform	2
match-select	vertex	1
match-select	consid	1
input-queue-attract	line-rate	2
input-queue-attract	sequenc	1
input-queue-attract	time	1
input-queue-attract	faster	1
input-queue-attract	limit	1
input-queue-attract	problem	1
question	definit-definit	1
question	link	1
question	precis	1
question	packet-polici-latest	1
question	multioutput	1
precis	definit-definit	2
precis	link	1
precis	packet-polici-latest	2
fluid-polici-deriv	assump	1
fluid-polici-deriv	perform	1
theta-switch-polici	algorithm	1
theta-switch-polici	exist	1
port-capac	output-input-port	1
port-capac	time	1
start	time	1
start	vertex	2
reli	perform	1
reli	notion-port-track	1
includ	vertex	1
includ	consid	1
includ	node-path	1
includ	higher-prioriti	2
fraction	time	2
fraction	assump	1
fraction	link	2
fraction	perform	1
fraction	realist	1
link-weight-match	consid	1
link-weight-match	poor	2
link-weight-match	vertex	1
link-weight-match	algorithm	3
link-weight-match	weight-match-maximum	1
link-weight-match	maximum-link	1
link-weight-match	perform	2
link-weight-match	maximum-match-algorithm	2
transmiss-slot-packet	transmiss	1
transmiss-slot-packet	number-packet-complet	1
transmiss-slot-packet	transmiss-packet	1
transmiss-slot-packet	serv-fcf-polici	2
transmiss-slot-packet	necessarili	2
packet-slot	number-packet-complet	1
base-track	link	3
analysi	section-schedul-tdma	1
analysi	network	1
analysi	perform	1
analysi	networkdesign	1
weight-match-maximum	perform	1
weight-match-maximum	algorithm	2
weight-match-maximum	poor	1
weight-match-maximum	maximum-match-algorithm	1
weight-match-maximum	repeat	1
weight-match-maximum	maximum-link	2
vertex-weight	link	3
vertex-weight	reduc	2
vertex-weight	algorithm	1
vertex-weight	problem	1
theta-case	sequenc	1
theta-case	similar	1
theta-case	perfect-track-properti	1
higher-prioriti	consid	1
higher-prioriti	link	2
back	nonanticip	2
back	time	2
time-slot-node	denot	1
time-slot-node	link	1
time-slot-node	time	1
link	assump	1
link	consist	2
link	problem	2
link	notion-port-track	2
link	perform	1
link	algorithm	3
link	realist	1
link	packet-time-slot	2
link	similar	1
link	urgent-schedul	2
link	union	1
link	time	2
link	reduc	1
translat	network	2
translat	perform	2
translat	probabl	1
algorithm-good-perfect	percent	1
algorithm-good-perfect	track-properti	2
algorithm-good-perfect	special-case-theta	1
uneighbor	algorithm	1
uneighbor	show-hold	1
uneighbor	problem	1
uneighbor	creat	1
prespecifi	algorithm	1
prespecifi	track-polici-section	1
faster	time	2
faster	line-rate	1
maximum-link	perform	1
maximum-link	algorithm	2
maximum-link	poor	1
maximum-link	maximum-match-algorithm	1
maximum-link	repeat	1
perform	poor	2
perform	algorithm	5
perform	maximum	1
perform	networkdesign	2
perform	yong	1
perform	maximum-match-algorithm	2
perform	inputqueu	1
perform	probabl	2
perform	percent	1
perform	packetswitch-network	1
perform	time	1
perform	vertex	2
perform	input-queu-switch	2
perform	consid	2
perform	network	4
perform	gener-processor-share	1
perform	assump	2
perform	realist	1
algorithm	poor	2
algorithm	inputqueu	1
algorithm	weight-node-critic	2
algorithm	section-schedul-tdma	2
algorithm	gener-processor-share	1
algorithm	maximum	1
algorithm	problem	2
algorithm	creat	3
algorithm	yong	1
algorithm	maximum-match-algorithm	2
algorithm	exist	1
algorithm	polici-convert	1
algorithm	packetswitch-network	1
algorithm	repeat	1
algorithm	vertex	2
algorithm	track-polici-section	1
algorithm	schedul-period	1
algorithm	consid	1
algorithm	traffic-transfer	1
algorithm	tradeoff	2
algorithm	network	1
consist	aggreg-traffic	2
consist	vertex	1
consist	union	2
realist	time	1
realist	networkdesign	1
maximum	percent	2
maximum	repeat	1
maximum	time	2
time-slot-note	network	2
limit	line-rate	1
limit	sequenc	2
limit	problem	2
nonanticip	futur	2
nonanticip	time	2
nonanticip	exist	1
nonanticip	rate-link	2
output-port-serv	time	1
problem	urgent-schedul	1
problem	line-rate	1
problem	exist	2
problem	polici-convert	2
problem	polici-input-queue	2
problem	special-case-theta	1
problem	sequenc	2
problem	shown-track	1
problem	traffic-transfer	1
similar	maximum-match-algorithm	2
packet-polici-latest	definit-definit	2
packet-packet	time	1
track-polici-input	time	1
input-port-packet	time	1
input-port-packet	schedul-period	1
input-port-packet	consid	1
yong	packetswitch-network	1
yong	network	1
yong	gener-processor-share	1
yong	inputqueu	1
perlink-track-polici	aggreg-traffic	1
perlink-track-polici	consid	2
perlink-track-polici	exist	2
maximum-match-algorithm	poor	2
maximum-match-algorithm	consid	1
maximum-match-algorithm	vertex	1
exist	polici-input-queue	2
exist	time	2
exist	consid	2
exist	aggreg-traffic	1
circum	special-case-theta	1
necessarili	transmiss	1
necessarili	number-packet-complet	1
necessarili	transmiss-packet	1
necessarili	serv-fcf-polici	2
inputqueu	packetswitch-network	1
inputqueu	network	1
inputqueu	gener-processor-share	1
union	vertex	1
probabl	uniformli	1
probabl	network	2
denot	time	2
weight-node-critic	section-schedul-tdma	1
polici-convert	shown-track	1
aggreg-traffic	consid	1
percent	track-properti	1
rate-link	futur	2
packet-polici-section	special-case-theta	1
futur	time	1
special-case-theta	network	1
special-case-theta	tdma	1
special-case-theta	track-properti	1
transmiss	number-packet-complet	2
transmiss	transmiss-packet	1
transmiss	serv-fcf-polici	1
time-slot-speed	output-input-port	1
packetswitch-network	network	1
packetswitch-network	gener-processor-share	1
poor	vertex	1
poor	consid	1
number-packet-complet	serv-fcf-polici	1
intend	perfect-track-properti	1
sequenc	line-rate	1
output-input-port	time	1
time	assump	1
time	schedul-period	2
time	consid	1
time	theta-switch-loss	1
time	line-rate	1
vertex	consid	2
schedul-period	consid	1
transmiss-packet	serv-fcf-polici	1
special-case-switch	shown-track	2
conclus	network	1
network	gener-processor-share	1
